,start_freq,end_freq,probability,index
0,1080.230712890625,1080.2421569824219,0.687,42.0
1,1079.9674987792969,1079.9789428710938,0.522,180.0
2,1079.8988342285156,1079.9102783203125,0.625,216.0
3,1079.7958374023438,1079.8072814941406,0.605,270.0
4,1079.7615051269531,1079.77294921875,0.627,288.0
5,1079.7157287597656,1079.7271728515625,0.519,312.0
6,1079.58984375,1079.6012878417969,0.653,378.0
7,1079.315185546875,1079.3266296386719,0.587,522.0
8,1078.4797668457031,1078.4912109375,0.806,960.0
9,1076.7173767089844,1076.7288208007812,0.542,1884.0
10,1076.3282775878906,1076.3397216796875,0.538,2088.0
11,1076.2252807617188,1076.2367248535156,0.537,2142.0
12,1075.0236511230469,1075.0350952148438,0.611,2772.0
13,1067.8367614746094,1067.8482055664062,0.517,6540.0
14,1067.7337646484375,1067.7452087402344,0.747,6594.0
15,1067.5621032714844,1067.5735473632812,0.878,6684.0
16,1067.413330078125,1067.4247741699219,0.698,6762.0
17,1067.1157836914062,1067.1272277832031,0.782,6918.0
18,1066.8411254882812,1066.8525695800781,0.643,7062.0
19,1065.9942626953125,1066.0057067871094,0.6,7506.0
20,1065.765380859375,1065.7768249511719,0.581,7626.0
21,1065.399169921875,1065.4106140136719,0.722,7818.0
22,1065.216064453125,1065.2275085449219,0.775,7914.0
23,1065.1702880859375,1065.1817321777344,0.571,7938.0
24,1065.0672912597656,1065.0787353515625,0.787,7992.0
25,1065.0558471679688,1065.0672912597656,0.889,7998.0
26,1065.032958984375,1065.0444030761719,0.616,8010.0
27,1063.6825561523438,1063.6940002441406,0.598,8718.0
28,1063.0645751953125,1063.0760192871094,0.56,9042.0
29,1060.4896545410156,1060.5010986328125,0.565,10392.0
30,1050.8079528808594,1050.8193969726562,0.529,15468.0
31,1049.1600036621094,1049.1714477539062,0.618,16332.0
32,1048.9997863769531,1049.01123046875,0.508,16416.0
33,1044.2962646484375,1044.3077087402344,0.545,18882.0
34,1044.2161560058594,1044.2276000976562,0.66,18924.0
35,1043.9071655273438,1043.9186096191406,0.585,19086.0
36,1041.8701171875,1041.8815612792969,0.644,20154.0
37,1041.5725708007812,1041.5840148925781,0.56,20310.0
38,1041.046142578125,1041.0575866699219,0.512,20586.0
39,1040.8744812011719,1040.8859252929688,0.628,20676.0
40,1039.48974609375,1039.5011901855469,0.507,21402.0
41,1039.3753051757812,1039.3867492675781,0.643,21462.0
42,1034.9807739257812,1034.9922180175781,0.532,23766.0
43,1030.8723449707031,1030.8837890625,0.546,25920.0
44,1030.0025939941406,1030.0140380859375,0.546,26376.0
45,1026.2489318847656,1026.2603759765625,0.53,28344.0
46,1126.6822814941406,1126.6937255859375,0.64,5256.0
47,1122.3335266113281,1122.344970703125,0.57,7536.0
48,1119.964599609375,1119.9760437011719,0.841,8778.0
49,1118.6943054199219,1118.7057495117188,0.647,9444.0
50,1107.0899963378906,1107.1014404296875,0.51,15528.0
51,1104.1946411132812,1104.2060852050781,0.52,17046.0
52,1103.0616760253906,1103.0731201171875,0.513,17640.0
53,1100.9674072265625,1100.9788513183594,0.55,18738.0
54,1099.8573303222656,1099.8687744140625,0.601,19320.0
55,1099.6856689453125,1099.6971130371094,0.516,19410.0
56,1099.2050170898438,1099.2164611816406,0.704,19662.0
57,1098.7586975097656,1098.7701416015625,0.713,19896.0
58,1098.6900329589844,1098.7014770507812,0.593,19932.0
59,1098.4382629394531,1098.44970703125,0.586,20064.0
60,1097.7516174316406,1097.7630615234375,0.502,20424.0
61,1097.5227355957031,1097.5341796875,0.575,20544.0
62,1097.3167419433594,1097.3281860351562,0.509,20652.0
63,1091.3772583007812,1091.3887023925781,0.732,23766.0
64,1091.3543701171875,1091.3658142089844,0.661,23778.0
65,1090.6791687011719,1090.6906127929688,0.782,24132.0
66,1090.4502868652344,1090.4617309570312,0.601,24252.0
67,1090.2442932128906,1090.2557373046875,0.514,24360.0
68,1090.0497436523438,1090.0611877441406,0.512,24462.0
69,1090.0382995605469,1090.0497436523438,0.556,24468.0
70,1090.0154113769531,1090.02685546875,0.681,24480.0
71,1089.935302734375,1089.9467468261719,0.514,24522.0
72,1089.7865295410156,1089.7979736328125,0.757,24600.0
73,1089.7636413574219,1089.7750854492188,0.507,24612.0
74,1085.2546691894531,1085.26611328125,0.591,26976.0
75,1085.0257873535156,1085.0372314453125,0.63,27096.0
76,1084.9685668945312,1084.9800109863281,0.551,27126.0
77,1084.6824645996094,1084.6939086914062,0.827,27276.0
78,1084.6023559570312,1084.6138000488281,0.582,27318.0
79,1084.53369140625,1084.5451354980469,0.615,27354.0
80,1084.4192504882812,1084.4306945800781,0.607,27414.0
81,1083.7440490722656,1083.7554931640625,0.563,27768.0
82,1083.5037231445312,1083.5151672363281,0.712,27894.0
83,1083.3778381347656,1083.3892822265625,0.721,27960.0
84,1083.3091735839844,1083.3206176757812,0.587,27996.0
85,1083.1489562988281,1083.160400390625,0.546,28080.0
86,1083.0802917480469,1083.0917358398438,0.51,28116.0
87,1082.8285217285156,1082.8399658203125,0.614,28248.0
88,1082.794189453125,1082.8056335449219,0.585,28266.0
89,1082.7484130859375,1082.7598571777344,0.685,28290.0
90,1082.5080871582031,1082.51953125,0.559,28416.0
91,1082.3478698730469,1082.3593139648438,0.783,28500.0
92,1082.244873046875,1082.2563171386719,0.613,28554.0
93,1082.1075439453125,1082.1189880371094,0.514,28626.0
94,1082.061767578125,1082.0732116699219,0.702,28650.0
95,1082.0045471191406,1082.0159912109375,0.627,28680.0
96,1081.9358825683594,1081.9473266601562,0.8,28716.0
97,1081.9244384765625,1081.9358825683594,0.666,28722.0
98,1081.7985534667969,1081.8099975585938,0.534,28788.0
99,1080.7113647460938,1080.7228088378906,0.512,29358.0
100,1192.8634643554688,1192.8749084472656,0.505,126.0
101,1192.7490234375,1192.7604675292969,0.606,186.0
102,1192.6002502441406,1192.6116943359375,0.518,264.0
103,1192.1539306640625,1192.1653747558594,0.714,498.0
104,1191.9021606445312,1191.9136047363281,0.66,630.0
105,1191.8678283691406,1191.8792724609375,0.622,648.0
106,1191.558837890625,1191.5702819824219,0.72,810.0
107,1191.5245056152344,1191.5359497070312,0.7,828.0
108,1191.4443969726562,1191.4558410644531,0.711,870.0
109,1191.3986206054688,1191.4100646972656,0.562,894.0
110,1191.3414001464844,1191.3528442382812,0.685,924.0
111,1191.1697387695312,1191.1811828613281,0.55,1014.0
112,1188.9610290527344,1188.9724731445312,0.504,2172.0
113,1188.8351440429688,1188.8465881347656,0.714,2238.0
114,1184.2918395996094,1184.3032836914062,0.61,4620.0
115,1183.8455200195312,1183.8569641113281,0.511,4854.0
116,1183.59375,1183.6051940917969,0.609,4986.0
117,1183.41064453125,1183.4220886230469,0.669,5082.0
118,1183.3763122558594,1183.3877563476562,0.812,5100.0
119,1182.9986572265625,1183.0101013183594,0.539,5298.0
120,1182.4951171875,1182.5065612792969,0.554,5562.0
121,1182.4607849121094,1182.4722290039062,0.742,5580.0
122,1182.3806762695312,1182.3921203613281,0.802,5622.0
123,1182.3005676269531,1182.31201171875,0.558,5664.0
124,1182.2776794433594,1182.2891235351562,0.807,5676.0
125,1182.2090148925781,1182.220458984375,0.595,5712.0
126,1182.1861267089844,1182.1975708007812,0.594,5724.0
127,1181.1447143554688,1181.1561584472656,0.685,6270.0
128,1181.0989379882812,1181.1103820800781,0.676,6294.0
129,1180.572509765625,1180.5839538574219,0.713,6570.0
130,1180.5152893066406,1180.5267333984375,0.893,6600.0
131,1180.2520751953125,1180.2635192871094,0.559,6738.0
132,1180.0918579101562,1180.1033020019531,0.544,6822.0
133,1179.8973083496094,1179.9087524414062,0.644,6924.0
134,1179.7256469726562,1179.7370910644531,0.562,7014.0
135,1179.6226501464844,1179.6340942382812,0.608,7068.0
136,1179.5883178710938,1179.5997619628906,0.652,7086.0
137,1179.5768737792969,1179.5883178710938,0.526,7092.0
138,1179.5654296875,1179.5768737792969,0.573,7098.0
139,1179.5425415039062,1179.5539855957031,0.8,7110.0
140,1179.4853210449219,1179.4967651367188,0.613,7140.0
141,1179.4052124023438,1179.4166564941406,0.527,7182.0
142,1179.2449951171875,1179.2564392089844,0.591,7266.0
143,1178.7986755371094,1178.8101196289062,0.656,7500.0
144,1178.741455078125,1178.7528991699219,0.517,7530.0
145,1178.6155700683594,1178.6270141601562,0.583,7596.0
146,1178.5812377929688,1178.5926818847656,0.639,7614.0
147,1178.5011291503906,1178.5125732421875,0.56,7656.0
148,1178.4896850585938,1178.5011291503906,0.555,7662.0
149,1178.3981323242188,1178.4095764160156,0.51,7710.0
150,1178.3409118652344,1178.3523559570312,0.628,7740.0
151,1178.2379150390625,1178.2493591308594,0.535,7794.0
152,1177.6885986328125,1177.7000427246094,0.557,8082.0
153,1177.3452758789062,1177.3567199707031,0.502,8262.0
154,1177.2537231445312,1177.2651672363281,0.743,8310.0
155,1177.2422790527344,1177.2537231445312,0.614,8316.0
156,1177.2193908691406,1177.2308349609375,0.631,8328.0
157,1177.2079467773438,1177.2193908691406,0.603,8334.0
158,1177.1965026855469,1177.2079467773438,0.816,8340.0
159,1177.093505859375,1177.1049499511719,0.729,8394.0
160,1176.9218444824219,1176.9332885742188,0.601,8484.0
161,1176.7730712890625,1176.7845153808594,0.585,8562.0
162,1176.6471862792969,1176.6586303710938,0.523,8628.0
163,1176.544189453125,1176.5556335449219,0.616,8682.0
164,1176.1093139648438,1176.1207580566406,0.527,8910.0
165,1175.9147644042969,1175.9262084960938,0.51,9012.0
166,1175.9033203125,1175.9147644042969,0.587,9018.0
167,1175.7545471191406,1175.7659912109375,0.508,9096.0
168,1175.4112243652344,1175.4226684570312,0.628,9276.0
169,1175.3654479980469,1175.3768920898438,0.558,9300.0
170,1175.1708984375,1175.1823425292969,0.544,9402.0
171,1174.9649047851562,1174.9763488769531,0.659,9510.0
172,1174.9534606933594,1174.9649047851562,0.68,9516.0
173,1174.9305725097656,1174.9420166015625,0.512,9528.0
174,1174.6444702148438,1174.6559143066406,0.588,9678.0
175,1174.5414733886719,1174.5529174804688,0.776,9732.0
176,1174.4155883789062,1174.4270324707031,0.556,9798.0
177,1174.2210388183594,1174.2324829101562,0.567,9900.0
178,1174.0264892578125,1174.0379333496094,0.546,10002.0
179,1173.6602783203125,1173.6717224121094,0.547,10194.0
180,1173.614501953125,1173.6259460449219,0.65,10218.0
181,1173.4886169433594,1173.5000610351562,0.54,10284.0
182,1172.8019714355469,1172.8134155273438,0.674,10644.0
183,1172.6188659667969,1172.6303100585938,0.544,10740.0
184,1172.5959777832031,1172.607421875,0.544,10752.0
185,1172.4700927734375,1172.4815368652344,0.537,10818.0
186,1172.4586486816406,1172.4700927734375,0.546,10824.0
187,1172.4014282226562,1172.4128723144531,0.663,10854.0
188,1172.3785400390625,1172.3899841308594,0.659,10866.0
189,1172.332763671875,1172.3442077636719,0.526,10890.0
190,1171.9436645507812,1171.9551086425781,0.556,11094.0
191,1171.7376708984375,1171.7491149902344,0.782,11202.0
192,1171.6117858886719,1171.6232299804688,0.532,11268.0
193,1171.4630126953125,1171.4744567871094,0.529,11346.0
194,1171.4286804199219,1171.4401245117188,0.556,11364.0
195,1171.2913513183594,1171.3027954101562,0.597,11436.0
196,1171.1997985839844,1171.2112426757812,0.571,11484.0
197,1171.0853576660156,1171.0968017578125,0.581,11544.0
198,1171.0624694824219,1171.0739135742188,0.548,11556.0
199,1170.8908081054688,1170.9022521972656,0.804,11646.0
200,1170.867919921875,1170.8793640136719,0.695,11658.0
201,1170.7420349121094,1170.7534790039062,0.822,11724.0
202,1170.7191467285156,1170.7305908203125,0.724,11736.0
203,1170.6962585449219,1170.7077026367188,0.924,11748.0
204,1170.6275939941406,1170.6390380859375,0.66,11784.0
205,1170.6047058105469,1170.6161499023438,0.513,11796.0
206,1170.4216003417969,1170.4330444335938,0.567,11892.0
207,1170.2957153320312,1170.3071594238281,0.557,11958.0
208,1170.135498046875,1170.1469421386719,0.552,12042.0
209,1170.0668334960938,1170.0782775878906,0.546,12078.0
210,1169.7006225585938,1169.7120666503906,0.753,12270.0
211,1169.2657470703125,1169.2771911621094,0.627,12498.0
212,1169.0254211425781,1169.036865234375,0.526,12624.0
213,1168.7965393066406,1168.8079833984375,0.549,12744.0
214,1167.3774719238281,1167.388916015625,0.541,13488.0
215,1167.2515869140625,1167.2630310058594,0.716,13554.0
216,1164.6995544433594,1164.7109985351562,0.669,14892.0
217,1163.2919311523438,1163.3033752441406,0.524,15630.0
218,1163.177490234375,1163.1889343261719,0.633,15690.0
219,1160.614013671875,1160.6254577636719,0.62,17034.0
220,1157.3638916015625,1157.3753356933594,0.516,18738.0
221,1156.1393737792969,1156.1508178710938,0.528,19380.0
222,1153.0494689941406,1153.0609130859375,0.595,21000.0
223,1150.3372192382812,1150.3486633300781,0.741,22422.0
224,1144.7067260742188,1144.7181701660156,0.551,25374.0
225,1143.0015563964844,1143.0130004882812,0.855,26268.0
226,1142.8871154785156,1142.8985595703125,0.805,26328.0
227,1141.1933898925781,1141.204833984375,0.804,27216.0
228,1138.3209228515625,1138.3323669433594,0.574,28722.0
229,1247.3258972167969,1247.3373413085938,0.683,1140.0
230,1247.1084594726562,1247.1199035644531,0.649,1254.0
231,1246.2615966796875,1246.2730407714844,0.52,1698.0
232,1246.1814880371094,1246.1929321289062,0.563,1740.0
233,1246.0098266601562,1246.0212707519531,0.607,1830.0
234,1245.9068298339844,1245.9182739257812,0.653,1884.0
235,1243.7782287597656,1243.7896728515625,0.526,3000.0
236,1242.645263671875,1242.6567077636719,0.587,3594.0
237,1238.2736206054688,1238.2850646972656,0.714,5886.0
238,1236.3166809082031,1236.328125,0.524,6912.0
239,1235.5384826660156,1235.5499267578125,0.601,7320.0
240,1233.6616516113281,1233.673095703125,0.552,8304.0
241,1231.8878173828125,1231.8992614746094,0.572,9234.0
242,1231.8305969238281,1231.842041015625,0.511,9264.0
243,1231.75048828125,1231.7619323730469,0.612,9306.0
244,1231.3270568847656,1231.3385009765625,0.518,9528.0
245,1230.5145263671875,1230.5259704589844,0.602,9954.0
246,1230.2284240722656,1230.2398681640625,0.84,10104.0
247,1230.1826477050781,1230.194091796875,0.557,10128.0
248,1229.4273376464844,1229.4387817382812,0.507,10524.0
249,1229.4158935546875,1229.4273376464844,0.552,10530.0
250,1229.3930053710938,1229.4044494628906,0.504,10542.0
251,1229.3014526367188,1229.3128967285156,0.546,10590.0
252,1229.2327880859375,1229.2442321777344,0.632,10626.0
253,1229.0725708007812,1229.0840148925781,0.535,10710.0
254,1227.7336120605469,1227.7450561523438,0.546,11412.0
255,1227.72216796875,1227.7336120605469,0.568,11418.0
256,1227.5733947753906,1227.5848388671875,0.628,11496.0
257,1227.4589538574219,1227.4703979492188,0.593,11556.0
258,1227.1842956542969,1227.1957397460938,0.503,11700.0
259,1226.7723083496094,1226.7837524414062,0.58,11916.0
260,1224.9412536621094,1224.9526977539062,0.53,12876.0
261,1222.6753234863281,1222.686767578125,0.792,14064.0
262,1220.8671569824219,1220.8786010742188,0.579,15012.0
263,1220.3750610351562,1220.3865051269531,0.51,15270.0
264,1215.4083251953125,1215.4197692871094,0.616,17874.0
265,1214.5042419433594,1214.5156860351562,0.794,18348.0
266,1213.8290405273438,1213.8404846191406,0.782,18702.0
267,1213.6459350585938,1213.6573791503906,0.769,18798.0
268,1213.3140563964844,1213.3255004882812,0.575,18972.0
269,1213.1881713867188,1213.1996154785156,0.571,19038.0
270,1212.7418518066406,1212.7532958984375,0.629,19272.0
271,1212.7304077148438,1212.7418518066406,0.572,19278.0
272,1212.6731872558594,1212.6846313476562,0.68,19308.0
273,1212.6617431640625,1212.6731872558594,0.52,19314.0
274,1212.6274108886719,1212.6388549804688,0.504,19332.0
275,1212.5358581542969,1212.5473022460938,0.655,19380.0
276,1212.5244140625,1212.5358581542969,0.708,19386.0
277,1212.4214172363281,1212.432861328125,0.599,19440.0
278,1212.2955322265625,1212.3069763183594,0.573,19506.0
279,1212.2726440429688,1212.2840881347656,0.849,19518.0
280,1212.2154235839844,1212.2268676757812,0.542,19548.0
281,1212.2039794921875,1212.2154235839844,0.614,19554.0
282,1212.1696472167969,1212.1810913085938,0.763,19572.0
283,1212.0895385742188,1212.1009826660156,0.891,19614.0
284,1212.0780944824219,1212.0895385742188,0.533,19620.0
285,1212.0552062988281,1212.066650390625,0.649,19632.0
286,1212.0323181152344,1212.0437622070312,0.814,19644.0
287,1212.0094299316406,1212.0208740234375,0.707,19656.0
288,1211.97509765625,1211.9865417480469,0.543,19674.0
289,1211.8263244628906,1211.8377685546875,0.501,19752.0
290,1211.7805480957031,1211.7919921875,0.647,19776.0
291,1211.6546630859375,1211.6661071777344,0.544,19842.0
292,1211.5745544433594,1211.5859985351562,0.505,19884.0
293,1211.4601135253906,1211.4715576171875,0.597,19944.0
294,1211.42578125,1211.4372253417969,0.552,19962.0
295,1211.0023498535156,1211.0137939453125,0.548,20184.0
296,1210.7620239257812,1210.7734680175781,0.54,20310.0
297,1210.6361389160156,1210.6475830078125,0.665,20376.0
298,1210.5903625488281,1210.601806640625,0.543,20400.0
299,1210.4301452636719,1210.4415893554688,0.558,20484.0
300,1210.3385925292969,1210.3500366210938,0.708,20532.0
301,1210.2928161621094,1210.3042602539062,0.574,20556.0
302,1210.2699279785156,1210.2813720703125,0.663,20568.0
303,1210.2584838867188,1210.2699279785156,0.545,20574.0
304,1210.2127075195312,1210.2241516113281,0.537,20598.0
305,1210.2012634277344,1210.2127075195312,0.527,20604.0
306,1210.14404296875,1210.1554870605469,0.873,20634.0
307,1210.1097106933594,1210.1211547851562,0.665,20652.0
308,1210.052490234375,1210.0639343261719,0.718,20682.0
309,1210.0410461425781,1210.052490234375,0.606,20688.0
310,1210.0181579589844,1210.0296020507812,0.59,20700.0
311,1210.0067138671875,1210.0181579589844,0.658,20706.0
312,1209.9838256835938,1209.9952697753906,0.528,20718.0
313,1209.9151611328125,1209.9266052246094,0.677,20754.0
314,1209.8922729492188,1209.9037170410156,0.651,20766.0
315,1209.8007202148438,1209.8121643066406,0.688,20814.0
316,1209.4345092773438,1209.4459533691406,0.624,21006.0
317,1209.3772888183594,1209.3887329101562,0.563,21036.0
318,1209.3658447265625,1209.3772888183594,0.594,21042.0
319,1209.3315124511719,1209.3429565429688,0.678,21060.0
320,1209.320068359375,1209.3315124511719,0.662,21066.0
321,1209.2742919921875,1209.2857360839844,0.529,21090.0
322,1209.2399597167969,1209.2514038085938,0.725,21108.0
323,1209.1827392578125,1209.1941833496094,0.513,21138.0
324,1209.1255187988281,1209.136962890625,0.72,21168.0
325,1209.1140747070312,1209.1255187988281,0.721,21174.0
326,1208.8966369628906,1208.9080810546875,0.582,21288.0
327,1208.7936401367188,1208.8050842285156,0.523,21342.0
328,1208.5762023925781,1208.587646484375,0.509,21456.0
329,1208.5304260253906,1208.5418701171875,0.528,21480.0
330,1208.3702087402344,1208.3816528320312,0.552,21564.0
331,1208.3473205566406,1208.3587646484375,0.52,21576.0
332,1208.3244323730469,1208.3358764648438,0.503,21588.0
333,1208.2786560058594,1208.2901000976562,0.578,21612.0
334,1208.2328796386719,1208.2443237304688,0.643,21636.0
335,1208.221435546875,1208.2328796386719,0.529,21642.0
336,1208.1985473632812,1208.2099914550781,0.713,21654.0
337,1208.1413269042969,1208.1527709960938,0.58,21684.0
338,1208.0497741699219,1208.0612182617188,0.574,21732.0
339,1208.0268859863281,1208.038330078125,0.535,21744.0
340,1208.0154418945312,1208.0268859863281,0.761,21750.0
341,1208.0039978027344,1208.0154418945312,0.572,21756.0
342,1207.9925537109375,1208.0039978027344,0.513,21762.0
343,1207.9582214355469,1207.9696655273438,0.631,21780.0
344,1207.855224609375,1207.8666687011719,0.791,21834.0
345,1207.8437805175781,1207.855224609375,0.549,21840.0
346,1207.8208923339844,1207.8323364257812,0.515,21852.0
347,1207.6606750488281,1207.672119140625,0.77,21936.0
348,1207.6492309570312,1207.6606750488281,0.518,21942.0
349,1207.6148986816406,1207.6263427734375,0.591,21960.0
350,1207.5920104980469,1207.6034545898438,0.528,21972.0
351,1207.5347900390625,1207.5462341308594,0.635,22002.0
352,1207.5004577636719,1207.5119018554688,0.574,22020.0
353,1207.489013671875,1207.5004577636719,0.599,22026.0
354,1207.4546813964844,1207.4661254882812,0.706,22044.0
355,1207.4432373046875,1207.4546813964844,0.508,22050.0
356,1207.3745727539062,1207.3860168457031,0.655,22086.0
357,1207.3516845703125,1207.3631286621094,0.699,22098.0
358,1207.3287963867188,1207.3402404785156,0.575,22110.0
359,1207.2601318359375,1207.2715759277344,0.53,22146.0
360,1207.1685791015625,1207.1800231933594,0.562,22194.0
361,1207.1342468261719,1207.1456909179688,0.508,22212.0
362,1207.0541381835938,1207.0655822753906,0.691,22254.0
363,1206.9511413574219,1206.9625854492188,0.506,22308.0
364,1206.8595886230469,1206.8710327148438,0.621,22356.0
365,1206.7794799804688,1206.7909240722656,0.667,22398.0
366,1206.6307067871094,1206.6421508789062,0.537,22476.0
367,1206.5963745117188,1206.6078186035156,0.502,22494.0
368,1206.48193359375,1206.4933776855469,0.824,22554.0
369,1206.4476013183594,1206.4590454101562,0.771,22572.0
370,1206.3446044921875,1206.3560485839844,0.526,22626.0
371,1206.3217163085938,1206.3331604003906,0.628,22638.0
372,1206.1843872070312,1206.1958312988281,0.529,22710.0
373,1206.1042785644531,1206.11572265625,0.582,22752.0
374,1205.8181762695312,1205.8296203613281,0.529,22902.0
375,1205.7952880859375,1205.8067321777344,0.603,22914.0
376,1205.7151794433594,1205.7266235351562,0.624,22956.0
377,1205.7037353515625,1205.7151794433594,0.575,22962.0
378,1205.6121826171875,1205.6236267089844,0.569,23010.0
379,1205.5549621582031,1205.56640625,0.534,23040.0
380,1205.4519653320312,1205.4634094238281,0.591,23094.0
381,1205.291748046875,1205.3031921386719,0.542,23178.0
382,1205.2459716796875,1205.2574157714844,0.524,23202.0
383,1205.1658630371094,1205.1773071289062,0.636,23244.0
384,1205.01708984375,1205.0285339355469,0.679,23322.0
385,1204.6051025390625,1204.6165466308594,0.738,23538.0
386,1204.5249938964844,1204.5364379882812,0.64,23580.0
387,1204.3647766113281,1204.376220703125,0.576,23664.0
388,1204.0786743164062,1204.0901184082031,0.61,23814.0
389,1203.9985656738281,1204.010009765625,0.803,23856.0
390,1203.8841247558594,1203.8955688476562,0.626,23916.0
391,1203.8154602050781,1203.826904296875,0.613,23952.0
392,1203.6552429199219,1203.6666870117188,0.683,24036.0
393,1203.5980224609375,1203.6094665527344,0.69,24066.0
394,1203.5636901855469,1203.5751342773438,0.569,24084.0
395,1203.4492492675781,1203.460693359375,0.636,24144.0
396,1203.2546997070312,1203.2661437988281,0.542,24246.0
397,1203.1974792480469,1203.2089233398438,0.615,24276.0
398,1203.1288146972656,1203.1402587890625,0.724,24312.0
399,1203.0372619628906,1203.0487060546875,0.796,24360.0
400,1203.0143737792969,1203.0258178710938,0.66,24372.0
401,1202.9685974121094,1202.9800415039062,0.675,24396.0
402,1202.728271484375,1202.7397155761719,0.518,24522.0
403,1202.5794982910156,1202.5909423828125,0.624,24600.0
404,1202.5566101074219,1202.5680541992188,0.592,24612.0
405,1202.3849487304688,1202.3963928222656,0.784,24702.0
406,1202.3277282714844,1202.3391723632812,0.597,24732.0
407,1202.2933959960938,1202.3048400878906,0.776,24750.0
408,1202.2590637207031,1202.2705078125,0.592,24768.0
409,1202.2361755371094,1202.2476196289062,0.737,24780.0
410,1202.1217346191406,1202.1331787109375,0.582,24840.0
411,1201.9615173339844,1201.9729614257812,0.694,24924.0
412,1201.5037536621094,1201.5151977539062,0.555,25164.0
413,1201.446533203125,1201.4579772949219,0.806,25194.0
414,1201.4350891113281,1201.446533203125,0.545,25200.0
415,1201.35498046875,1201.3664245605469,0.903,25242.0
416,1201.171875,1201.1833190917969,0.738,25338.0
417,1201.080322265625,1201.0917663574219,0.623,25386.0
418,1201.0345458984375,1201.0459899902344,0.681,25410.0
419,1201.0002136230469,1201.0116577148438,0.591,25428.0
420,1200.9544372558594,1200.9658813476562,0.688,25452.0
421,1200.8171081542969,1200.8285522460938,0.54,25524.0
422,1200.8056640625,1200.8171081542969,0.641,25530.0
423,1200.7827758789062,1200.7942199707031,0.583,25542.0
424,1200.7255554199219,1200.7369995117188,0.557,25572.0
425,1200.6797790527344,1200.6912231445312,0.554,25596.0
426,1200.5996704101562,1200.6111145019531,0.696,25638.0
427,1200.5424499511719,1200.5538940429688,0.614,25668.0
428,1200.5081176757812,1200.5195617675781,0.693,25686.0
429,1200.4280090332031,1200.439453125,0.73,25728.0
430,1200.4165649414062,1200.4280090332031,0.531,25734.0
431,1200.3822326660156,1200.3936767578125,0.647,25752.0
432,1200.3707885742188,1200.3822326660156,0.603,25758.0
433,1200.0961303710938,1200.1075744628906,0.515,25902.0
434,1200.0160217285156,1200.0274658203125,0.642,25944.0
435,1199.9931335449219,1200.0045776367188,0.565,25956.0
436,1199.9702453613281,1199.981689453125,0.704,25968.0
437,1199.9015808105469,1199.9130249023438,0.536,26004.0
438,1199.6955871582031,1199.70703125,0.514,26112.0
439,1199.6612548828125,1199.6726989746094,0.642,26130.0
440,1199.615478515625,1199.6269226074219,0.704,26154.0
441,1199.5582580566406,1199.5697021484375,0.61,26184.0
442,1199.4552612304688,1199.4667053222656,0.66,26238.0
443,1199.432373046875,1199.4438171386719,0.516,26250.0
444,1199.2950439453125,1199.3064880371094,0.518,26322.0
445,1199.15771484375,1199.1691589355469,0.888,26394.0
446,1199.1233825683594,1199.1348266601562,0.512,26412.0
447,1199.1004943847656,1199.1119384765625,0.783,26424.0
448,1199.0776062011719,1199.0890502929688,0.647,26436.0
449,1199.066162109375,1199.0776062011719,0.563,26442.0
450,1199.0547180175781,1199.066162109375,0.559,26448.0
451,1199.0432739257812,1199.0547180175781,0.596,26454.0
452,1199.0203857421875,1199.0318298339844,0.683,26466.0
453,1198.974609375,1198.9860534667969,0.531,26490.0
454,1198.8945007324219,1198.9059448242188,0.584,26532.0
455,1198.8601684570312,1198.8716125488281,0.661,26550.0
456,1198.79150390625,1198.8029479980469,0.672,26586.0
457,1198.7571716308594,1198.7686157226562,0.603,26604.0
458,1198.7228393554688,1198.7342834472656,0.503,26622.0
459,1198.6541748046875,1198.6656188964844,0.654,26658.0
460,1198.6312866210938,1198.6427307128906,0.679,26670.0
461,1198.6198425292969,1198.6312866210938,0.581,26676.0
462,1198.6083984375,1198.6198425292969,0.62,26682.0
463,1198.5740661621094,1198.5855102539062,0.716,26700.0
464,1198.5626220703125,1198.5740661621094,0.656,26706.0
465,1198.5511779785156,1198.5626220703125,0.694,26712.0
466,1198.4596252441406,1198.4710693359375,0.506,26760.0
467,1198.3909606933594,1198.4024047851562,0.639,26796.0
468,1198.2879638671875,1198.2994079589844,0.645,26850.0
469,1198.1735229492188,1198.1849670410156,0.517,26910.0
470,1197.3152160644531,1197.32666015625,0.54,27360.0
471,1195.7359313964844,1195.7473754882812,0.537,28188.0
472,1193.4814453125,1193.4928894042969,0.627,29370.0
473,1193.4356689453125,1193.4471130371094,0.521,29394.0
474,1193.3326721191406,1193.3441162109375,0.688,29448.0
475,1305.3359985351562,1305.3474426269531,0.591,294.0
476,1303.7223815917969,1303.7338256835938,0.561,1140.0
477,1302.5894165039062,1302.6008605957031,0.581,1734.0
478,1301.0444641113281,1301.055908203125,0.551,2544.0
479,1300.9300231933594,1300.9414672851562,0.602,2604.0
480,1300.8041381835938,1300.8155822753906,0.669,2670.0
481,1300.6210327148438,1300.6324768066406,0.577,2766.0
482,1293.7431335449219,1293.7545776367188,0.548,6372.0
483,1288.6390686035156,1288.6505126953125,0.592,9048.0
484,1284.3246459960938,1284.3360900878906,0.583,11310.0
485,1281.8984985351562,1281.9099426269531,0.525,12582.0
486,1281.2461853027344,1281.2576293945312,0.528,12924.0
487,1279.8843383789062,1279.8957824707031,0.509,13638.0
488,1278.7742614746094,1278.7857055664062,0.506,14220.0
489,1278.7055969238281,1278.717041015625,0.516,14256.0
490,1278.6140441894531,1278.62548828125,0.558,14304.0
491,1278.4194946289062,1278.4309387207031,0.558,14406.0
492,1278.350830078125,1278.3622741699219,0.506,14442.0
493,1278.3279418945312,1278.3393859863281,0.757,14454.0
494,1278.3050537109375,1278.3164978027344,0.592,14466.0
495,1278.2936096191406,1278.3050537109375,0.623,14472.0
496,1278.2821655273438,1278.2936096191406,0.643,14478.0
497,1278.1448364257812,1278.1562805175781,0.523,14550.0
498,1277.6870727539062,1277.6985168457031,0.542,14790.0
499,1277.6069641113281,1277.618408203125,0.646,14832.0
500,1277.5840759277344,1277.5955200195312,0.501,14844.0
501,1277.435302734375,1277.4467468261719,0.511,14922.0
502,1277.2293090820312,1277.2407531738281,0.501,15030.0
503,1277.2064208984375,1277.2178649902344,0.529,15042.0
504,1276.9775390625,1276.9889831542969,0.652,15162.0
505,1276.5655517578125,1276.5769958496094,0.504,15378.0
506,1276.3824462890625,1276.3938903808594,0.505,15474.0
507,1276.1993408203125,1276.2107849121094,0.713,15570.0
508,1276.153564453125,1276.1650085449219,0.532,15594.0
509,1275.9590148925781,1275.970458984375,0.569,15696.0
510,1275.8903503417969,1275.9017944335938,0.745,15732.0
511,1273.9334106445312,1273.9448547363281,0.759,16758.0
512,1267.9595947265625,1267.9710388183594,0.549,19890.0
513,1266.9296264648438,1266.9410705566406,0.505,20430.0
514,1266.6549682617188,1266.6664123535156,0.673,20574.0
515,1257.7972412109375,1257.8086853027344,0.502,25218.0
516,1256.7329406738281,1256.744384765625,0.628,25776.0
517,1256.4697265625,1256.4811706542969,0.512,25914.0
518,1255.279541015625,1255.2909851074219,0.602,26538.0
519,1255.2452087402344,1255.2566528320312,0.655,26556.0
520,1255.1765441894531,1255.18798828125,0.652,26592.0
521,1255.096435546875,1255.1078796386719,0.58,26634.0
522,1254.8904418945312,1254.9018859863281,0.522,26742.0
523,1254.6501159667969,1254.6615600585938,0.502,26868.0
524,1254.3067932128906,1254.3182373046875,0.56,27048.0
525,1254.0664672851562,1254.0779113769531,0.631,27174.0
526,1253.7574768066406,1253.7689208984375,0.556,27336.0
527,1253.2768249511719,1253.2882690429688,0.573,27588.0
528,1252.899169921875,1252.9106140136719,0.549,27786.0
529,1251.1367797851562,1251.1482238769531,0.507,28710.0
530,1251.1138916015625,1251.1253356933594,0.679,28722.0
531,1251.068115234375,1251.0795593261719,0.515,28746.0
532,1250.4959106445312,1250.5073547363281,0.511,29046.0
533,1358.1390380859375,1358.1504821777344,0.525,2178.0
534,1355.4267883300781,1355.438232421875,0.685,3600.0
535,1353.4469604492188,1353.4584045410156,0.708,4638.0
536,1350.7461547851562,1350.7575988769531,0.684,6054.0
537,1346.7292785644531,1346.74072265625,0.551,8160.0
538,1344.5892333984375,1344.6006774902344,0.515,9282.0
539,1337.860107421875,1337.8715515136719,0.51,12810.0
540,1336.395263671875,1336.4067077636719,0.558,13578.0
541,1333.7059020996094,1333.7173461914062,0.514,14988.0
542,1332.1952819824219,1332.2067260742188,0.661,15780.0
543,1331.4056396484375,1331.4170837402344,0.584,16194.0
544,1330.6846618652344,1330.6961059570312,0.544,16572.0
545,1324.9626159667969,1324.9740600585938,0.805,19572.0
546,1324.8710632324219,1324.8825073242188,0.558,19620.0
547,1324.7566223144531,1324.76806640625,0.738,19680.0
548,1324.5277404785156,1324.5391845703125,0.522,19800.0
549,1323.211669921875,1323.2231140136719,0.707,20490.0
550,1321.4950561523438,1321.5065002441406,0.621,21390.0
551,1316.1506652832031,1316.162109375,0.643,24192.0
552,1314.5713806152344,1314.5828247070312,0.523,25020.0
553,1312.9348754882812,1312.9463195800781,0.539,25878.0
554,1312.3626708984375,1312.3741149902344,0.503,26178.0
555,1311.9049072265625,1311.9163513183594,0.623,26418.0
556,1310.6002807617188,1310.6117248535156,0.8,27102.0
557,1309.6733093261719,1309.6847534179688,0.662,27588.0
558,1308.4373474121094,1308.4487915039062,0.786,28236.0
559,1308.3457946777344,1308.3572387695312,0.814,28284.0
560,1308.2771301269531,1308.28857421875,0.641,28320.0
561,1308.2656860351562,1308.2771301269531,0.513,28326.0
562,1308.2313537597656,1308.2427978515625,0.696,28344.0
563,1308.1855773925781,1308.197021484375,0.825,28368.0
564,1308.1398010253906,1308.1512451171875,0.583,28392.0
565,1307.9681396484375,1307.9795837402344,0.587,28482.0
566,1307.8536987304688,1307.8651428222656,0.506,28542.0
567,1307.8422546386719,1307.8536987304688,0.653,28548.0
568,1307.830810546875,1307.8422546386719,0.557,28554.0
569,1307.8193664550781,1307.830810546875,0.521,28560.0
570,1307.8079223632812,1307.8193664550781,0.756,28566.0
571,1307.7964782714844,1307.8079223632812,0.904,28572.0
572,1307.7735900878906,1307.7850341796875,0.83,28584.0
573,1307.7621459960938,1307.7735900878906,0.596,28590.0
574,1307.7507019042969,1307.7621459960938,0.536,28596.0
575,1307.7392578125,1307.7507019042969,0.672,28602.0
576,1307.7278137207031,1307.7392578125,0.91,28608.0
577,1307.7163696289062,1307.7278137207031,0.991,28614.0
578,1307.6934814453125,1307.7049255371094,0.759,28626.0
579,1307.6705932617188,1307.6820373535156,0.63,28638.0
580,1307.6591491699219,1307.6705932617188,0.63,28644.0
581,1307.647705078125,1307.6591491699219,0.577,28650.0
582,1307.6248168945312,1307.6362609863281,0.768,28662.0
583,1307.6133728027344,1307.6248168945312,0.636,28668.0
584,1307.5790405273438,1307.5904846191406,0.591,28686.0
585,1307.2471618652344,1307.2586059570312,0.55,28860.0
586,1307.2357177734375,1307.2471618652344,0.511,28866.0
587,1307.0411682128906,1307.0526123046875,0.582,28968.0
588,1306.8695068359375,1306.8809509277344,0.531,29058.0
589,1306.4117431640625,1306.4231872558594,0.507,29298.0
590,1417.9916381835938,1418.0030822753906,0.508,366.0
591,1414.2837524414062,1414.2951965332031,0.722,2310.0
592,1413.5055541992188,1413.5169982910156,0.633,2718.0
593,1403.2516479492188,1403.2630920410156,0.64,8094.0
594,1391.4070129394531,1391.41845703125,0.623,14304.0
595,1390.7089233398438,1390.7203674316406,0.56,14670.0
596,1390.4457092285156,1390.4571533203125,0.858,14808.0
597,1389.9993896484375,1390.0108337402344,0.668,15042.0
598,1388.4315490722656,1388.4429931640625,0.656,15864.0
599,1388.0996704101562,1388.1111145019531,0.616,16038.0
600,1387.4244689941406,1387.4359130859375,0.511,16392.0
601,1384.6092224121094,1384.6206665039062,0.696,17868.0
602,1384.2201232910156,1384.2315673828125,0.668,18072.0
603,1384.185791015625,1384.1972351074219,0.565,18090.0
604,1384.1743469238281,1384.185791015625,0.506,18096.0
605,1383.6936950683594,1383.7051391601562,0.535,18348.0
606,1383.4877014160156,1383.4991455078125,0.622,18456.0
607,1383.2931518554688,1383.3045959472656,0.601,18558.0
608,1382.5607299804688,1382.5721740722656,0.643,18942.0
609,1382.4806213378906,1382.4920654296875,0.6,18984.0
610,1382.4119567871094,1382.4234008789062,0.503,19020.0
611,1382.4005126953125,1382.4119567871094,0.647,19026.0
612,1382.3204040527344,1382.3318481445312,0.565,19068.0
613,1381.7710876464844,1381.7825317382812,0.616,19356.0
614,1381.6680908203125,1381.6795349121094,0.508,19410.0
615,1381.5650939941406,1381.5765380859375,0.625,19464.0
616,1381.4964294433594,1381.5078735351562,0.517,19500.0
617,1381.3819885253906,1381.3934326171875,0.671,19560.0
618,1381.34765625,1381.3591003417969,0.618,19578.0
619,1381.3362121582031,1381.34765625,0.522,19584.0
620,1381.3133239746094,1381.3247680664062,0.608,19596.0
621,1381.2904357910156,1381.3018798828125,0.511,19608.0
622,1381.2789916992188,1381.2904357910156,0.514,19614.0
623,1381.256103515625,1381.2675476074219,0.576,19626.0
624,1381.2446594238281,1381.256103515625,0.559,19632.0
625,1381.2332153320312,1381.2446594238281,0.598,19638.0
626,1381.2103271484375,1381.2217712402344,0.677,19650.0
627,1381.1988830566406,1381.2103271484375,0.671,19656.0
628,1381.1759948730469,1381.1874389648438,0.535,19668.0
629,1381.1531066894531,1381.16455078125,0.78,19680.0
630,1381.1073303222656,1381.1187744140625,0.59,19704.0
631,1381.0501098632812,1381.0615539550781,0.709,19734.0
632,1381.0386657714844,1381.0501098632812,0.665,19740.0
633,1381.0272216796875,1381.0386657714844,0.549,19746.0
634,1381.0043334960938,1381.0157775878906,0.674,19758.0
635,1380.9928894042969,1381.0043334960938,0.573,19764.0
636,1380.9242248535156,1380.9356689453125,0.627,19800.0
637,1380.889892578125,1380.9013366699219,0.729,19818.0
638,1380.8784484863281,1380.889892578125,0.636,19824.0
639,1380.8670043945312,1380.8784484863281,0.583,19830.0
640,1380.8441162109375,1380.8555603027344,0.58,19842.0
641,1380.79833984375,1380.8097839355469,0.544,19866.0
642,1380.7868957519531,1380.79833984375,0.552,19872.0
643,1380.7411193847656,1380.7525634765625,0.622,19896.0
644,1380.7296752929688,1380.7411193847656,0.607,19902.0
645,1380.706787109375,1380.7182312011719,0.75,19914.0
646,1380.6838989257812,1380.6953430175781,0.659,19926.0
647,1380.6724548339844,1380.6838989257812,0.615,19932.0
648,1380.6610107421875,1380.6724548339844,0.735,19938.0
649,1380.6266784667969,1380.6381225585938,0.659,19956.0
650,1380.5809020996094,1380.5923461914062,0.54,19980.0
651,1380.5351257324219,1380.5465698242188,0.534,20004.0
652,1380.523681640625,1380.5351257324219,0.534,20010.0
653,1380.5122375488281,1380.523681640625,0.614,20016.0
654,1380.4893493652344,1380.5007934570312,0.604,20028.0
655,1380.4779052734375,1380.4893493652344,0.505,20034.0
656,1380.43212890625,1380.4435729980469,0.505,20058.0
657,1380.4206848144531,1380.43212890625,0.599,20064.0
658,1380.4092407226562,1380.4206848144531,0.695,20070.0
659,1379.8713684082031,1379.8828125,0.538,20352.0
660,1379.7569274902344,1379.7683715820312,0.516,20412.0
661,1379.6768188476562,1379.6882629394531,0.516,20454.0
662,1379.6424865722656,1379.6539306640625,0.651,20472.0
663,1379.5166015625,1379.5280456542969,0.549,20538.0
664,1379.4593811035156,1379.4708251953125,0.539,20568.0
665,1379.3907165527344,1379.4021606445312,0.559,20604.0
666,1378.4866333007812,1378.4980773925781,0.536,21078.0
667,1378.4637451171875,1378.4751892089844,0.523,21090.0
668,1378.4523010253906,1378.4637451171875,0.594,21096.0
669,1378.4294128417969,1378.4408569335938,0.672,21108.0
670,1377.3536682128906,1377.3651123046875,0.66,21672.0
671,1373.2452392578125,1373.2566833496094,0.742,23826.0
672,1369.81201171875,1369.8234558105469,0.514,25626.0
673,1368.1182861328125,1368.1297302246094,0.504,26514.0
674,1366.4131164550781,1366.424560546875,0.549,27408.0
675,1363.58642578125,1363.5978698730469,0.511,28890.0
676,1470.6802368164062,1470.6916809082031,0.555,2310.0
677,1468.5173034667969,1468.5287475585938,0.62,3444.0
678,1465.1527404785156,1465.1641845703125,0.554,5208.0
679,1463.6192321777344,1463.6306762695312,0.577,6012.0
680,1460.3919982910156,1460.4034423828125,0.555,7704.0
681,1451.019287109375,1451.0307312011719,0.51,12618.0
682,1443.1686401367188,1443.1800842285156,0.696,16734.0
683,1436.6683959960938,1436.6798400878906,0.68,20142.0
684,1431.6787719726562,1431.6902160644531,0.588,22758.0
685,1431.15234375,1431.1637878417969,0.613,23034.0
686,1430.7518005371094,1430.7632446289062,0.504,23244.0
687,1430.4771423339844,1430.4885864257812,0.826,23388.0
688,1427.9594421386719,1427.9708862304688,0.507,24708.0
689,1425.1213073730469,1425.1327514648438,0.693,26196.0
690,1531.0134887695312,1531.0249328613281,0.81,246.0
691,1530.9219360351562,1530.9333801269531,0.601,294.0
692,1530.8990478515625,1530.9104919433594,0.79,306.0
693,1530.8876037597656,1530.8990478515625,0.76,312.0
694,1530.8761596679688,1530.8876037597656,0.619,318.0
695,1530.8647155761719,1530.8761596679688,0.612,324.0
696,1530.853271484375,1530.8647155761719,0.521,330.0
697,1530.8418273925781,1530.853271484375,0.566,336.0
698,1530.6816101074219,1530.6930541992188,0.872,420.0
699,1530.5557250976562,1530.5671691894531,0.606,486.0
700,1530.4756164550781,1530.487060546875,0.516,528.0
701,1530.4641723632812,1530.4756164550781,0.57,534.0
702,1530.4069519042969,1530.4183959960938,0.728,564.0
703,1530.3726196289062,1530.3840637207031,0.608,582.0
704,1530.2925109863281,1530.303955078125,0.56,624.0
705,1530.1780700683594,1530.1895141601562,0.55,684.0
706,1530.1551818847656,1530.1666259765625,0.546,696.0
707,1530.1437377929688,1530.1551818847656,0.553,702.0
708,1530.1094055175781,1530.120849609375,0.633,720.0
709,1530.0865173339844,1530.0979614257812,0.708,732.0
710,1530.0064086914062,1530.0178527832031,0.675,774.0
711,1529.9491882324219,1529.9606323242188,0.552,804.0
712,1529.9034118652344,1529.9148559570312,0.749,828.0
713,1529.84619140625,1529.8576354980469,0.567,858.0
714,1529.8118591308594,1529.8233032226562,0.732,876.0
715,1529.754638671875,1529.7660827636719,0.684,906.0
716,1529.6516418457031,1529.6630859375,0.626,960.0
717,1529.6401977539062,1529.6516418457031,0.612,966.0
718,1529.6173095703125,1529.6287536621094,0.554,978.0
719,1529.5257568359375,1529.5372009277344,0.688,1026.0
720,1529.2510986328125,1529.2625427246094,0.553,1170.0
721,1529.205322265625,1529.2167663574219,0.581,1194.0
722,1528.5415649414062,1528.5530090332031,0.547,1542.0
723,1528.5301208496094,1528.5415649414062,0.799,1548.0
724,1528.5072326660156,1528.5186767578125,0.542,1560.0
725,1528.3470153808594,1528.3584594726562,0.615,1644.0
726,1528.3355712890625,1528.3470153808594,0.616,1650.0
727,1528.0838012695312,1528.0952453613281,0.812,1782.0
728,1528.0265808105469,1528.0380249023438,0.865,1812.0
729,1527.9922485351562,1528.0036926269531,0.509,1830.0
730,1527.6374816894531,1527.64892578125,0.795,2016.0
731,1527.5115966796875,1527.5230407714844,0.522,2082.0
732,1526.9050598144531,1526.91650390625,0.561,2400.0
733,1526.8707275390625,1526.8821716308594,0.611,2418.0
734,1526.7333984375,1526.7448425292969,0.558,2490.0
735,1526.6532897949219,1526.6647338867188,0.572,2532.0
736,1526.5846252441406,1526.5960693359375,0.619,2568.0
737,1520.050048828125,1520.0614929199219,0.547,5994.0
738,1518.8369750976562,1518.8484191894531,0.533,6630.0
739,1516.204833984375,1516.2162780761719,0.696,8010.0
740,1509.8190307617188,1509.8304748535156,0.878,11358.0
741,1509.7618103027344,1509.7732543945312,0.796,11388.0
742,1497.1160888671875,1497.1275329589844,0.525,18018.0
743,1494.6784973144531,1494.68994140625,0.671,19296.0
744,1493.4883117675781,1493.499755859375,0.6,19920.0
745,1493.0076599121094,1493.0191040039062,0.653,20172.0
746,1486.1869812011719,1486.1984252929688,0.794,23748.0
747,1485.7978820800781,1485.809326171875,0.702,23952.0
748,1484.4474792480469,1484.4589233398438,0.592,24660.0
749,1482.5706481933594,1482.5820922851562,0.507,25644.0
750,1480.3848266601562,1480.3962707519531,0.553,26790.0
751,1480.1101684570312,1480.1216125488281,0.7,26934.0
752,1587.3298645019531,1587.34130859375,0.678,288.0
753,1586.9865417480469,1586.9979858398438,0.514,468.0
754,1586.8263244628906,1586.8377685546875,0.526,552.0
755,1586.7462158203125,1586.7576599121094,0.522,594.0
756,1585.1211547851562,1585.1325988769531,0.716,1446.0
757,1583.4732055664062,1583.4846496582031,0.688,2310.0
758,1582.855224609375,1582.8666687011719,0.737,2634.0
759,1582.7980041503906,1582.8094482421875,0.508,2664.0
760,1582.6606750488281,1582.672119140625,0.759,2736.0
761,1582.3860168457031,1582.3974609375,0.51,2880.0
762,1582.2486877441406,1582.2601318359375,0.515,2952.0
763,1581.9511413574219,1581.9625854492188,0.555,3108.0
764,1581.6650390625,1581.6764831542969,0.535,3258.0
765,1581.5963745117188,1581.6078186035156,0.765,3294.0
766,1581.5849304199219,1581.5963745117188,0.627,3300.0
767,1581.4933776855469,1581.5048217773438,0.561,3348.0
768,1581.4590454101562,1581.4704895019531,0.646,3366.0
769,1581.3102722167969,1581.3217163085938,0.715,3444.0
770,1581.1958312988281,1581.207275390625,0.736,3504.0
771,1581.1271667480469,1581.1386108398438,0.524,3540.0
772,1581.0928344726562,1581.1042785644531,0.814,3558.0
773,1581.0585021972656,1581.0699462890625,0.623,3576.0
774,1581.0470581054688,1581.0585021972656,0.739,3582.0
775,1580.9669494628906,1580.9783935546875,0.665,3624.0
776,1580.8868408203125,1580.8982849121094,0.675,3666.0
777,1580.8639526367188,1580.8753967285156,0.573,3678.0
778,1580.7723999023438,1580.7838439941406,0.796,3726.0
779,1580.7380676269531,1580.74951171875,0.665,3744.0
780,1580.7266235351562,1580.7380676269531,0.542,3750.0
781,1580.6808471679688,1580.6922912597656,0.7,3774.0
782,1580.657958984375,1580.6694030761719,0.508,3786.0
783,1580.5435180664062,1580.5549621582031,0.767,3846.0
784,1580.4519653320312,1580.4634094238281,0.546,3894.0
785,1580.0628662109375,1580.0743103027344,0.867,4098.0
786,1580.0399780273438,1580.0514221191406,0.705,4110.0
787,1579.9369812011719,1579.9484252929688,0.587,4164.0
788,1579.9140930175781,1579.925537109375,0.578,4176.0
789,1579.7538757324219,1579.7653198242188,0.648,4260.0
790,1579.1358947753906,1579.1473388671875,0.544,4584.0
791,1579.0786743164062,1579.0901184082031,0.593,4614.0
792,1579.0557861328125,1579.0672302246094,0.619,4626.0
793,1578.9756774902344,1578.9871215820312,0.517,4668.0
794,1578.8841247558594,1578.8955688476562,0.567,4716.0
795,1578.8497924804688,1578.8612365722656,0.574,4734.0
796,1578.8040161132812,1578.8154602050781,0.565,4758.0
797,1578.6781311035156,1578.6895751953125,0.677,4824.0
798,1578.643798828125,1578.6552429199219,0.551,4842.0
799,1578.6209106445312,1578.6323547363281,0.524,4854.0
800,1578.5636901855469,1578.5751342773438,0.701,4884.0
801,1578.4950256347656,1578.5064697265625,0.568,4920.0
802,1578.4835815429688,1578.4950256347656,0.515,4926.0
803,1578.3462524414062,1578.3576965332031,0.542,4998.0
804,1578.1745910644531,1578.18603515625,0.657,5088.0
805,1578.1288146972656,1578.1402587890625,0.532,5112.0
806,1578.1059265136719,1578.1173706054688,0.535,5124.0
807,1578.0258178710938,1578.0372619628906,0.574,5166.0
808,1577.9457092285156,1577.9571533203125,0.565,5208.0
809,1577.9228210449219,1577.9342651367188,0.52,5220.0
810,1577.6939392089844,1577.7053833007812,0.546,5340.0
811,1577.2819519042969,1577.2933959960938,0.591,5556.0
812,1577.178955078125,1577.1903991699219,0.527,5610.0
813,1576.995849609375,1577.0072937011719,0.573,5706.0
814,1576.9500732421875,1576.9615173339844,0.513,5730.0
815,1576.72119140625,1576.7326354980469,0.696,5850.0
816,1576.5495300292969,1576.5609741210938,0.618,5940.0
817,1576.4579772949219,1576.4694213867188,0.539,5988.0
818,1576.446533203125,1576.4579772949219,0.566,5994.0
819,1576.4007568359375,1576.4122009277344,0.533,6018.0
820,1576.2977600097656,1576.3092041015625,0.534,6072.0
821,1576.263427734375,1576.2748718261719,0.567,6090.0
822,1576.2062072753906,1576.2176513671875,0.88,6120.0
823,1576.1947631835938,1576.2062072753906,0.539,6126.0
824,1575.5882263183594,1575.5996704101562,0.587,6444.0
825,1575.2334594726562,1575.2449035644531,0.61,6630.0
826,1574.9015808105469,1574.9130249023438,0.612,6804.0
827,1574.798583984375,1574.8100280761719,0.577,6858.0
828,1574.7184753417969,1574.7299194335938,0.595,6900.0
829,1574.6040344238281,1574.615478515625,0.729,6960.0
830,1574.5010375976562,1574.5124816894531,0.56,7014.0
831,1574.4895935058594,1574.5010375976562,0.598,7020.0
832,1574.432373046875,1574.4438171386719,0.614,7050.0
833,1574.2263793945312,1574.2378234863281,0.608,7158.0
834,1574.1920471191406,1574.2034912109375,0.523,7176.0
835,1574.1119384765625,1574.1233825683594,0.814,7218.0
836,1574.0890502929688,1574.1004943847656,0.536,7230.0
837,1573.6312866210938,1573.6427307128906,0.52,7470.0
838,1573.5969543457031,1573.6083984375,0.539,7488.0
839,1572.8302001953125,1572.8416442871094,0.644,7890.0
840,1572.4868774414062,1572.4983215332031,0.62,8070.0
841,1572.3953247070312,1572.4067687988281,0.661,8118.0
842,1572.3037719726562,1572.3152160644531,0.522,8166.0
843,1572.235107421875,1572.2465515136719,0.67,8202.0
844,1571.1021423339844,1571.1135864257812,0.775,8796.0
845,1570.9419250488281,1570.953369140625,0.771,8880.0
846,1570.6558227539062,1570.6672668457031,0.545,9030.0
847,1570.6329345703125,1570.6443786621094,0.837,9042.0
848,1570.5528259277344,1570.5642700195312,0.617,9084.0
849,1570.49560546875,1570.5070495605469,0.786,9114.0
850,1570.3811645507812,1570.3926086425781,0.842,9174.0
851,1570.3239440917969,1570.3353881835938,0.712,9204.0
852,1570.2781677246094,1570.2896118164062,0.601,9228.0
853,1570.1980590820312,1570.2095031738281,0.573,9270.0
854,1570.1065063476562,1570.1179504394531,0.546,9318.0
855,1569.7174072265625,1569.7288513183594,0.534,9522.0
856,1569.6945190429688,1569.7059631347656,0.547,9534.0
857,1569.6029663085938,1569.6144104003906,0.534,9582.0
858,1569.5457458496094,1569.5571899414062,0.66,9612.0
859,1569.5228576660156,1569.5343017578125,0.521,9624.0
860,1569.5114135742188,1569.5228576660156,0.505,9630.0
861,1569.2367553710938,1569.2481994628906,0.639,9774.0
862,1568.9735412597656,1568.9849853515625,0.773,9912.0
863,1568.5386657714844,1568.5501098632812,0.672,10140.0
864,1568.4242248535156,1568.4356689453125,0.658,10200.0
865,1568.2868957519531,1568.29833984375,0.654,10272.0
866,1568.2525634765625,1568.2640075683594,0.575,10290.0
867,1568.2411193847656,1568.2525634765625,0.612,10296.0
868,1568.206787109375,1568.2182312011719,0.748,10314.0
869,1568.0351257324219,1568.0465698242188,0.643,10404.0
870,1567.93212890625,1567.9435729980469,0.507,10458.0
871,1567.8749084472656,1567.8863525390625,0.739,10488.0
872,1567.6918029785156,1567.7032470703125,0.514,10584.0
873,1567.5888061523438,1567.6002502441406,0.632,10638.0
874,1567.4629211425781,1567.474365234375,0.765,10704.0
875,1567.1768188476562,1567.1882629394531,0.875,10854.0
876,1567.0623779296875,1567.0738220214844,0.704,10914.0
877,1566.8678283691406,1566.8792724609375,0.692,11016.0
878,1566.83349609375,1566.8449401855469,0.649,11034.0
879,1566.8106079101562,1566.8220520019531,0.715,11046.0
880,1566.6847229003906,1566.6961669921875,0.636,11112.0
881,1566.3871765136719,1566.3986206054688,0.713,11268.0
882,1566.1811828613281,1566.192626953125,0.848,11376.0
883,1566.0781860351562,1566.0896301269531,0.625,11430.0
884,1565.5174255371094,1565.5288696289062,0.711,11724.0
885,1565.4830932617188,1565.4945373535156,0.561,11742.0
886,1565.4144287109375,1565.4258728027344,0.938,11778.0
887,1565.3800964355469,1565.3915405273438,0.721,11796.0
888,1565.185546875,1565.1969909667969,0.801,11898.0
889,1564.6018981933594,1564.6133422851562,0.629,12204.0
890,1564.5790100097656,1564.5904541015625,0.522,12216.0
891,1564.4187927246094,1564.4302368164062,0.827,12300.0
892,1564.3844604492188,1564.3959045410156,0.658,12318.0
893,1564.3043518066406,1564.3157958984375,0.527,12360.0
894,1564.2013549804688,1564.2127990722656,0.516,12414.0
895,1564.178466796875,1564.1899108886719,0.673,12426.0
896,1564.1212463378906,1564.1326904296875,0.907,12456.0
897,1564.0754699707031,1564.0869140625,0.851,12480.0
898,1563.8008117675781,1563.812255859375,0.756,12624.0
899,1563.4689331054688,1563.4803771972656,0.576,12798.0
900,1563.1256103515625,1563.1370544433594,0.58,12978.0
901,1562.7708435058594,1562.7822875976562,0.662,13164.0
902,1562.4275207519531,1562.43896484375,0.72,13344.0
903,1561.431884765625,1561.4433288574219,0.839,13866.0
904,1561.1572265625,1561.1686706542969,0.569,14010.0
905,1561.1457824707031,1561.1572265625,0.764,14016.0
906,1561.0771179199219,1561.0885620117188,0.742,14052.0
907,1561.0313415527344,1561.0427856445312,0.689,14076.0
908,1560.8024597167969,1560.8139038085938,0.729,14196.0
909,1559.7953796386719,1559.8068237304688,0.525,14724.0
910,1559.5321655273438,1559.5436096191406,0.717,14862.0
911,1559.0400695800781,1559.051513671875,0.776,15120.0
912,1558.9485168457031,1558.9599609375,0.531,15168.0
913,1558.8340759277344,1558.8455200195312,0.879,15228.0
914,1558.7310791015625,1558.7425231933594,0.796,15282.0
915,1558.6738586425781,1558.685302734375,0.684,15312.0
916,1558.135986328125,1558.1474304199219,0.561,15594.0
917,1557.9414367675781,1557.952880859375,0.764,15696.0
918,1557.6667785644531,1557.67822265625,0.701,15840.0
919,1557.6438903808594,1557.6553344726562,0.682,15852.0
920,1557.4836730957031,1557.4951171875,0.551,15936.0
921,1557.4722290039062,1557.4836730957031,0.513,15942.0
922,1556.9686889648438,1556.9801330566406,0.852,16206.0
923,1556.9229125976562,1556.9343566894531,0.88,16230.0
924,1556.7054748535156,1556.7169189453125,0.839,16344.0
925,1556.6825866699219,1556.6940307617188,0.728,16356.0
926,1556.6596984863281,1556.671142578125,0.521,16368.0
927,1556.6482543945312,1556.6596984863281,0.672,16374.0
928,1556.6024780273438,1556.6139221191406,0.72,16398.0
929,1556.5452575683594,1556.5567016601562,0.522,16428.0
930,1554.8515319824219,1554.8629760742188,0.713,17316.0
931,1554.8057556152344,1554.8171997070312,0.517,17340.0
932,1554.7599792480469,1554.7714233398438,0.875,17364.0
933,1554.6798706054688,1554.6913146972656,0.722,17406.0
934,1554.4052124023438,1554.4166564941406,0.626,17550.0
935,1554.38232421875,1554.3937683105469,0.784,17562.0
936,1554.3708801269531,1554.38232421875,0.724,17568.0
937,1554.3365478515625,1554.3479919433594,0.566,17586.0
938,1554.2564392089844,1554.2678833007812,0.589,17628.0
939,1554.2335510253906,1554.2449951171875,0.527,17640.0
940,1554.1877746582031,1554.19921875,0.783,17664.0
941,1554.1191101074219,1554.1305541992188,0.697,17700.0
942,1553.4095764160156,1553.4210205078125,0.606,18072.0
943,1553.3981323242188,1553.4095764160156,0.625,18078.0
944,1553.3638000488281,1553.375244140625,0.551,18096.0
945,1553.3180236816406,1553.3294677734375,0.517,18120.0
946,1553.2951354980469,1553.3065795898438,0.665,18132.0
947,1553.192138671875,1553.2035827636719,0.581,18186.0
948,1552.9403686523438,1552.9518127441406,0.566,18318.0
949,1552.8373718261719,1552.8488159179688,0.56,18372.0
950,1552.642822265625,1552.6542663574219,0.691,18474.0
951,1552.3567199707031,1552.3681640625,0.598,18624.0
952,1551.2008666992188,1551.2123107910156,0.848,19230.0
953,1551.1207580566406,1551.1322021484375,0.69,19272.0
954,1551.0978698730469,1551.1093139648438,0.507,19284.0
955,1551.08642578125,1551.0978698730469,0.627,19290.0
956,1551.0749816894531,1551.08642578125,0.694,19296.0
957,1551.0406494140625,1551.0520935058594,0.618,19314.0
958,1549.5758056640625,1549.5872497558594,0.741,20082.0
959,1549.5643615722656,1549.5758056640625,0.553,20088.0
960,1549.5529174804688,1549.5643615722656,0.688,20094.0
961,1549.530029296875,1549.5414733886719,0.642,20106.0
962,1549.5185852050781,1549.530029296875,0.699,20112.0
963,1549.5071411132812,1549.5185852050781,0.575,20118.0
964,1549.4956970214844,1549.5071411132812,0.63,20124.0
965,1549.4842529296875,1549.4956970214844,0.595,20130.0
966,1549.4728088378906,1549.4842529296875,0.641,20136.0
967,1549.4613647460938,1549.4728088378906,0.635,20142.0
968,1549.4155883789062,1549.4270324707031,0.677,20166.0
969,1547.7218627929688,1547.7333068847656,0.611,21054.0
970,1547.6646423339844,1547.6760864257812,0.53,21084.0
971,1547.2984313964844,1547.3098754882812,0.633,21276.0
972,1547.2755432128906,1547.2869873046875,0.635,21288.0
973,1546.0624694824219,1546.0739135742188,0.599,21924.0
974,1545.1011657714844,1545.1126098632812,0.53,22428.0
975,1545.0897216796875,1545.1011657714844,0.626,22434.0
976,1545.0782775878906,1545.0897216796875,0.509,22440.0
977,1544.8837280273438,1544.8951721191406,0.629,22542.0
978,1544.86083984375,1544.8722839355469,0.582,22554.0
979,1544.677734375,1544.6891784667969,0.508,22650.0
980,1544.6205139160156,1544.6319580078125,0.648,22680.0
981,1544.49462890625,1544.5060729980469,0.716,22746.0
982,1544.4831848144531,1544.49462890625,0.714,22752.0
983,1544.4717407226562,1544.4831848144531,0.593,22758.0
984,1544.1398620605469,1544.1513061523438,0.503,22932.0
985,1544.0940856933594,1544.1055297851562,0.717,22956.0
986,1544.0483093261719,1544.0597534179688,0.644,22980.0
987,1543.0641174316406,1543.0755615234375,0.502,23496.0
988,1542.1485900878906,1542.1600341796875,0.587,23976.0
989,1541.4505004882812,1541.4619445800781,0.606,24342.0
990,1541.3703918457031,1541.3818359375,0.578,24384.0
991,1541.3475036621094,1541.3589477539062,0.622,24396.0
992,1541.290283203125,1541.3017272949219,0.544,24426.0
993,1541.2559509277344,1541.2673950195312,0.822,24444.0
994,1541.2330627441406,1541.2445068359375,0.679,24456.0
995,1540.5349731445312,1540.5464172363281,0.663,24822.0
996,1540.5235290527344,1540.5349731445312,0.654,24828.0
997,1539.9971008300781,1540.008544921875,0.515,25104.0
998,1539.2074584960938,1539.2189025878906,0.55,25518.0
999,1538.7496948242188,1538.7611389160156,0.733,25758.0
1000,1538.726806640625,1538.7382507324219,0.636,25770.0
1001,1538.5894775390625,1538.6009216308594,0.597,25842.0
1002,1537.8227233886719,1537.8341674804688,0.568,26244.0
1003,1537.4107360839844,1537.4221801757812,0.924,26460.0
1004,1535.3279113769531,1535.33935546875,0.515,27552.0
1005,1535.1219177246094,1535.1333618164062,0.829,27660.0
1006,1535.0990295410156,1535.1104736328125,0.681,27672.0
1007,1535.0761413574219,1535.0875854492188,0.806,27684.0
1008,1535.0418090820312,1535.0532531738281,0.6,27702.0
1009,1535.0189208984375,1535.0303649902344,0.766,27714.0
1010,1534.1377258300781,1534.149169921875,0.792,28176.0
1011,1533.5884094238281,1533.599853515625,0.546,28464.0
1012,1533.3824157714844,1533.3938598632812,0.511,28572.0
1013,1533.2794189453125,1533.2908630371094,0.567,28626.0
1014,1533.2107543945312,1533.2221984863281,0.696,28662.0
1015,1531.9862365722656,1531.9976806640625,0.61,29304.0
1016,1531.6543579101562,1531.6658020019531,0.567,29478.0
1017,1631.5383911132812,1631.5498352050781,0.744,6678.0
1018,1626.52587890625,1626.5373229980469,0.6,9306.0
1019,1626.4915466308594,1626.5029907226562,0.676,9324.0
1020,1626.4686584472656,1626.4801025390625,0.53,9336.0
1021,1626.4457702636719,1626.4572143554688,0.916,9348.0
1022,1626.4114379882812,1626.4228820800781,0.512,9366.0
1023,1626.3999938964844,1626.4114379882812,0.547,9372.0
1024,1626.3084411621094,1626.3198852539062,0.577,9420.0
1025,1626.2969970703125,1626.3084411621094,0.521,9426.0
1026,1626.2397766113281,1626.251220703125,0.769,9456.0
1027,1626.1482238769531,1626.15966796875,0.562,9504.0
1028,1626.1253356933594,1626.1367797851562,0.73,9516.0
1029,1626.068115234375,1626.0795593261719,0.618,9546.0
1030,1625.9651184082031,1625.9765625,0.622,9600.0
1031,1625.8964538574219,1625.9078979492188,0.653,9636.0
1032,1625.885009765625,1625.8964538574219,0.545,9642.0
1033,1625.8506774902344,1625.8621215820312,0.637,9660.0
1034,1625.8163452148438,1625.8277893066406,0.598,9678.0
1035,1625.7705688476562,1625.7820129394531,0.622,9702.0
1036,1625.7591247558594,1625.7705688476562,0.648,9708.0
1037,1625.7247924804688,1625.7362365722656,0.651,9726.0
1038,1625.6904602050781,1625.701904296875,0.664,9744.0
1039,1625.6675720214844,1625.6790161132812,0.902,9756.0
1040,1625.5874633789062,1625.5989074707031,0.826,9798.0
1041,1625.5531311035156,1625.5645751953125,0.846,9816.0
1042,1625.518798828125,1625.5302429199219,0.578,9834.0
1043,1625.42724609375,1625.4386901855469,0.529,9882.0
1044,1625.2899169921875,1625.3013610839844,0.55,9954.0
1045,1625.2212524414062,1625.2326965332031,0.534,9990.0
1046,1625.0839233398438,1625.0953674316406,0.593,10062.0
1047,1624.9580383300781,1624.969482421875,0.901,10128.0
1048,1624.9351501464844,1624.9465942382812,0.622,10140.0
1049,1624.9237060546875,1624.9351501464844,0.788,10146.0
1050,1624.8435974121094,1624.8550415039062,0.631,10188.0
1051,1624.7978210449219,1624.8092651367188,0.585,10212.0
1052,1624.7749328613281,1624.786376953125,0.672,10224.0
1053,1624.7634887695312,1624.7749328613281,0.575,10230.0
1054,1624.7406005859375,1624.7520446777344,0.665,10242.0
1055,1624.5574951171875,1624.5689392089844,0.525,10338.0
1056,1624.4544982910156,1624.4659423828125,0.517,10392.0
1057,1624.1340637207031,1624.1455078125,0.621,10560.0
1058,1624.1111755371094,1624.1226196289062,0.531,10572.0
1059,1624.0997314453125,1624.1111755371094,0.505,10578.0
1060,1623.96240234375,1623.9738464355469,0.66,10650.0
1061,1623.9166259765625,1623.9280700683594,0.684,10674.0
1062,1623.8365173339844,1623.8479614257812,0.573,10716.0
1063,1623.6305236816406,1623.6419677734375,0.734,10824.0
1064,1623.4588623046875,1623.4703063964844,0.532,10914.0
1065,1623.3100891113281,1623.321533203125,0.604,10992.0
1066,1623.22998046875,1623.2414245605469,0.567,11034.0
1067,1623.1040954589844,1623.1155395507812,0.532,11100.0
1068,1623.0125427246094,1623.0239868164062,0.634,11148.0
1069,1622.955322265625,1622.9667663574219,0.551,11178.0
1070,1622.9324340820312,1622.9438781738281,0.539,11190.0
1071,1622.8981018066406,1622.9095458984375,0.564,11208.0
1072,1622.8866577148438,1622.8981018066406,0.687,11214.0
1073,1622.8179931640625,1622.8294372558594,0.517,11250.0
1074,1622.7264404296875,1622.7378845214844,0.536,11298.0
1075,1622.6806640625,1622.6921081542969,0.578,11322.0
1076,1622.6234436035156,1622.6348876953125,0.599,11352.0
1077,1622.589111328125,1622.6005554199219,0.664,11370.0
1078,1622.49755859375,1622.5090026855469,0.659,11418.0
1079,1622.4632263183594,1622.4746704101562,0.529,11436.0
1080,1622.4174499511719,1622.4288940429688,0.54,11460.0
1081,1622.3945617675781,1622.406005859375,0.893,11472.0
1082,1622.3831176757812,1622.3945617675781,0.986,11478.0
1083,1622.3602294921875,1622.3716735839844,0.546,11490.0
1084,1622.314453125,1622.3258972167969,0.679,11514.0
1085,1622.2915649414062,1622.3030090332031,0.524,11526.0
1086,1622.2572326660156,1622.2686767578125,0.688,11544.0
1087,1622.222900390625,1622.2343444824219,0.762,11562.0
1088,1622.0970153808594,1622.1084594726562,0.718,11628.0
1089,1621.9253540039062,1621.9367980957031,0.698,11718.0
1090,1621.9024658203125,1621.9139099121094,0.662,11730.0
1091,1621.8910217285156,1621.9024658203125,0.831,11736.0
1092,1621.8795776367188,1621.8910217285156,0.719,11742.0
1093,1621.8681335449219,1621.8795776367188,0.68,11748.0
1094,1621.8452453613281,1621.856689453125,0.612,11760.0
1095,1621.7994689941406,1621.8109130859375,0.978,11784.0
1096,1621.7536926269531,1621.76513671875,0.88,11808.0
1097,1621.6850280761719,1621.6964721679688,0.535,11844.0
1098,1621.6621398925781,1621.673583984375,0.728,11856.0
1099,1621.6506958007812,1621.6621398925781,0.887,11862.0
1100,1621.5934753417969,1621.6049194335938,0.638,11892.0
1101,1621.5019226074219,1621.5133666992188,0.694,11940.0
1102,1621.3417053222656,1621.3531494140625,0.717,12024.0
1103,1621.2272644042969,1621.2387084960938,0.551,12084.0
1104,1621.0670471191406,1621.0784912109375,0.651,12168.0
1105,1621.0556030273438,1621.0670471191406,0.514,12174.0
1106,1621.0212707519531,1621.03271484375,0.785,12192.0
1107,1620.941162109375,1620.9526062011719,0.561,12234.0
1108,1620.9297180175781,1620.941162109375,0.866,12240.0
1109,1620.8953857421875,1620.9068298339844,0.624,12258.0
1110,1620.8381652832031,1620.849609375,0.546,12288.0
1111,1620.8152770996094,1620.8267211914062,0.957,12300.0
1112,1620.7351684570312,1620.7466125488281,0.706,12342.0
1113,1620.7237243652344,1620.7351684570312,0.505,12348.0
1114,1620.5291748046875,1620.5406188964844,0.803,12450.0
1115,1620.5062866210938,1620.5177307128906,0.768,12462.0
1116,1620.4833984375,1620.4948425292969,0.508,12474.0
1117,1620.4376220703125,1620.4490661621094,0.701,12498.0
1118,1620.1400756835938,1620.1515197753906,0.816,12654.0
1119,1619.93408203125,1619.9455261230469,0.639,12762.0
1120,1619.6823120117188,1619.6937561035156,0.895,12894.0
1121,1619.6479797363281,1619.659423828125,0.717,12912.0
1122,1619.6022033691406,1619.6136474609375,0.561,12936.0
1123,1619.3962097167969,1619.4076538085938,0.684,13044.0
1124,1619.2245483398438,1619.2359924316406,0.66,13134.0
1125,1619.20166015625,1619.2131042480469,0.688,13146.0
1126,1619.1673278808594,1619.1787719726562,0.55,13164.0
1127,1619.1215515136719,1619.1329956054688,0.648,13188.0
1128,1619.110107421875,1619.1215515136719,0.605,13194.0
1129,1619.0643310546875,1619.0757751464844,0.614,13218.0
1130,1619.0185546875,1619.0299987792969,0.86,13242.0
1131,1618.9384460449219,1618.9498901367188,0.502,13284.0
1132,1618.9155578613281,1618.927001953125,0.686,13296.0
1133,1618.8240051269531,1618.83544921875,0.533,13344.0
1134,1618.8125610351562,1618.8240051269531,0.552,13350.0
1135,1618.7782287597656,1618.7896728515625,0.823,13368.0
1136,1618.743896484375,1618.7553405761719,0.796,13386.0
1137,1618.7324523925781,1618.743896484375,0.505,13392.0
1138,1618.7210083007812,1618.7324523925781,0.815,13398.0
1139,1618.7095642089844,1618.7210083007812,0.593,13404.0
1140,1618.6981201171875,1618.7095642089844,0.932,13410.0
1141,1618.6294555664062,1618.6408996582031,0.535,13446.0
1142,1618.5035705566406,1618.5150146484375,0.56,13512.0
1143,1618.3433532714844,1618.3547973632812,0.54,13596.0
1144,1618.2975769042969,1618.3090209960938,0.683,13620.0
1145,1618.1259155273438,1618.1373596191406,0.657,13710.0
1146,1617.9885864257812,1618.0000305175781,0.726,13782.0
1147,1615.7798767089844,1615.7913208007812,0.627,14940.0
1148,1615.7455444335938,1615.7569885253906,0.663,14958.0
1149,1615.7341003417969,1615.7455444335938,0.57,14964.0
1150,1615.72265625,1615.7341003417969,0.507,14970.0
1151,1615.5281066894531,1615.53955078125,0.743,15072.0
1152,1612.2322082519531,1612.24365234375,0.629,16800.0
1153,1604.8965454101562,1604.9079895019531,0.578,20646.0
1154,1604.4845581054688,1604.4960021972656,0.515,20862.0
1155,1604.4387817382812,1604.4502258300781,0.566,20886.0
1156,1604.3586730957031,1604.3701171875,0.563,20928.0
1157,1604.3357849121094,1604.3472290039062,0.504,20940.0
1158,1604.3243408203125,1604.3357849121094,0.551,20946.0
1159,1604.3128967285156,1604.3243408203125,0.918,20952.0
1160,1604.3014526367188,1604.3128967285156,0.532,20958.0
1161,1604.2442321777344,1604.2556762695312,0.718,20988.0
1162,1604.1984558105469,1604.2098999023438,0.523,21012.0
1163,1604.1755676269531,1604.18701171875,0.501,21024.0
1164,1604.0725708007812,1604.0840148925781,0.583,21078.0
1165,1604.0496826171875,1604.0611267089844,0.517,21090.0
1166,1603.9237976074219,1603.9352416992188,0.649,21156.0
1167,1603.6605834960938,1603.6720275878906,0.539,21294.0
1168,1603.6376953125,1603.6491394042969,0.678,21306.0
1169,1603.5232543945312,1603.5346984863281,0.59,21366.0
1170,1603.4088134765625,1603.4202575683594,0.526,21426.0
1171,1603.3401489257812,1603.3515930175781,0.622,21462.0
1172,1603.3287048339844,1603.3401489257812,0.622,21468.0
1173,1603.2943725585938,1603.3058166503906,0.681,21486.0
1174,1603.271484375,1603.2829284667969,0.592,21498.0
1175,1603.2371520996094,1603.2485961914062,0.608,21516.0
1176,1603.2257080078125,1603.2371520996094,0.563,21522.0
1177,1603.2142639160156,1603.2257080078125,0.564,21528.0
1178,1603.2028198242188,1603.2142639160156,0.571,21534.0
1179,1603.1913757324219,1603.2028198242188,0.505,21540.0
1180,1603.179931640625,1603.1913757324219,0.707,21546.0
1181,1603.1455993652344,1603.1570434570312,0.507,21564.0
1182,1603.1341552734375,1603.1455993652344,0.736,21570.0
1183,1603.1112670898438,1603.1227111816406,0.586,21582.0
1184,1603.0998229980469,1603.1112670898438,0.843,21588.0
1185,1603.08837890625,1603.0998229980469,0.583,21594.0
1186,1603.0769348144531,1603.08837890625,0.777,21600.0
1187,1603.0654907226562,1603.0769348144531,0.668,21606.0
1188,1603.0540466308594,1603.0654907226562,0.715,21612.0
1189,1603.0426025390625,1603.0540466308594,0.561,21618.0
1190,1603.0311584472656,1603.0426025390625,0.562,21624.0
1191,1603.0197143554688,1603.0311584472656,0.564,21630.0
1192,1603.0082702636719,1603.0197143554688,0.566,21636.0
1193,1602.9739379882812,1602.9853820800781,0.664,21654.0
1194,1602.8022766113281,1602.813720703125,0.553,21744.0
1195,1602.7679443359375,1602.7793884277344,0.668,21762.0
1196,1602.7450561523438,1602.7565002441406,0.512,21774.0
1197,1602.7336120605469,1602.7450561523438,0.71,21780.0
1198,1602.72216796875,1602.7336120605469,0.606,21786.0
1199,1602.6992797851562,1602.7107238769531,0.612,21798.0
1200,1602.6878356933594,1602.6992797851562,0.748,21804.0
1201,1602.6763916015625,1602.6878356933594,0.692,21810.0
1202,1602.6649475097656,1602.6763916015625,0.64,21816.0
1203,1602.6535034179688,1602.6649475097656,0.628,21822.0
1204,1602.6420593261719,1602.6535034179688,0.506,21828.0
1205,1602.630615234375,1602.6420593261719,0.694,21834.0
1206,1602.6191711425781,1602.630615234375,0.679,21840.0
1207,1602.6077270507812,1602.6191711425781,0.621,21846.0
1208,1602.5962829589844,1602.6077270507812,0.937,21852.0
1209,1602.5733947753906,1602.5848388671875,0.501,21864.0
1210,1602.5619506835938,1602.5733947753906,0.736,21870.0
1211,1602.5505065917969,1602.5619506835938,0.623,21876.0
1212,1602.5390625,1602.5505065917969,0.595,21882.0
1213,1602.5161743164062,1602.5276184082031,0.695,21894.0
1214,1602.5047302246094,1602.5161743164062,0.555,21900.0
1215,1602.4932861328125,1602.5047302246094,0.585,21906.0
1216,1602.4818420410156,1602.4932861328125,0.511,21912.0
1217,1602.4703979492188,1602.4818420410156,0.615,21918.0
1218,1602.4589538574219,1602.4703979492188,0.584,21924.0
1219,1602.4360656738281,1602.447509765625,0.606,21936.0
1220,1602.4246215820312,1602.4360656738281,0.661,21942.0
1221,1602.3902893066406,1602.4017333984375,0.786,21960.0
1222,1601.8638610839844,1601.8753051757812,0.566,22236.0
1223,1600.9254455566406,1600.9368896484375,0.644,22728.0
1224,1600.4562377929688,1600.4676818847656,0.789,22974.0
1225,1600.2388000488281,1600.250244140625,0.685,23088.0
1226,1599.9641418457031,1599.9755859375,0.586,23232.0
1227,1599.9412536621094,1599.9526977539062,0.532,23244.0
1228,1599.8954772949219,1599.9069213867188,0.635,23268.0
1229,1599.884033203125,1599.8954772949219,0.605,23274.0
1230,1599.8725891113281,1599.884033203125,0.565,23280.0
1231,1599.8611450195312,1599.8725891113281,0.988,23286.0
1232,1599.8497009277344,1599.8611450195312,0.597,23292.0
1233,1599.8382568359375,1599.8497009277344,0.849,23298.0
1234,1599.8268127441406,1599.8382568359375,0.656,23304.0
1235,1599.8153686523438,1599.8268127441406,1.0,23310.0
1236,1599.8039245605469,1599.8153686523438,0.621,23316.0
1237,1599.79248046875,1599.8039245605469,0.693,23322.0
1238,1599.7810363769531,1599.79248046875,0.736,23328.0
1239,1599.7695922851562,1599.7810363769531,0.622,23334.0
1240,1599.7581481933594,1599.7695922851562,0.915,23340.0
1241,1599.7352600097656,1599.7467041015625,0.811,23352.0
1242,1599.7238159179688,1599.7352600097656,0.653,23358.0
1243,1599.7123718261719,1599.7238159179688,0.521,23364.0
1244,1599.700927734375,1599.7123718261719,0.728,23370.0
1245,1599.6894836425781,1599.700927734375,0.648,23376.0
1246,1599.6780395507812,1599.6894836425781,0.637,23382.0
1247,1599.6437072753906,1599.6551513671875,0.61,23400.0
1248,1599.6322631835938,1599.6437072753906,0.626,23406.0
1249,1599.5864868164062,1599.5979309082031,0.512,23430.0
1250,1599.5750427246094,1599.5864868164062,0.522,23436.0
1251,1599.517822265625,1599.5292663574219,0.526,23466.0
1252,1599.5063781738281,1599.517822265625,0.671,23472.0
1253,1599.4949340820312,1599.5063781738281,0.549,23478.0
1254,1599.4834899902344,1599.4949340820312,0.966,23484.0
1255,1599.4720458984375,1599.4834899902344,0.657,23490.0
1256,1599.4606018066406,1599.4720458984375,0.635,23496.0
1257,1599.4491577148438,1599.4606018066406,0.727,23502.0
1258,1599.4377136230469,1599.4491577148438,0.688,23508.0
1259,1599.42626953125,1599.4377136230469,0.679,23514.0
1260,1599.4148254394531,1599.42626953125,0.622,23520.0
1261,1599.4033813476562,1599.4148254394531,0.708,23526.0
1262,1599.3919372558594,1599.4033813476562,0.728,23532.0
1263,1599.3804931640625,1599.3919372558594,0.761,23538.0
1264,1599.3690490722656,1599.3804931640625,0.703,23544.0
1265,1599.3576049804688,1599.3690490722656,0.677,23550.0
1266,1599.3461608886719,1599.3576049804688,0.713,23556.0
1267,1599.334716796875,1599.3461608886719,0.732,23562.0
1268,1599.3232727050781,1599.334716796875,0.649,23568.0
1269,1599.3118286132812,1599.3232727050781,0.663,23574.0
1270,1599.3003845214844,1599.3118286132812,0.769,23580.0
1271,1599.2889404296875,1599.3003845214844,0.724,23586.0
1272,1599.2774963378906,1599.2889404296875,0.674,23592.0
1273,1599.2660522460938,1599.2774963378906,0.692,23598.0
1274,1599.2546081542969,1599.2660522460938,0.698,23604.0
1275,1599.2431640625,1599.2546081542969,0.71,23610.0
1276,1599.2317199707031,1599.2431640625,0.716,23616.0
1277,1599.2202758789062,1599.2317199707031,0.722,23622.0
1278,1599.2088317871094,1599.2202758789062,0.633,23628.0
1279,1599.1973876953125,1599.2088317871094,0.722,23634.0
1280,1599.1859436035156,1599.1973876953125,0.734,23640.0
1281,1599.1744995117188,1599.1859436035156,0.634,23646.0
1282,1599.1630554199219,1599.1744995117188,0.746,23652.0
1283,1599.151611328125,1599.1630554199219,0.737,23658.0
1284,1599.1401672363281,1599.151611328125,0.707,23664.0
1285,1599.1287231445312,1599.1401672363281,0.73,23670.0
1286,1599.1172790527344,1599.1287231445312,0.712,23676.0
1287,1599.1058349609375,1599.1172790527344,0.681,23682.0
1288,1599.0943908691406,1599.1058349609375,0.707,23688.0
1289,1599.0829467773438,1599.0943908691406,0.76,23694.0
1290,1599.0715026855469,1599.0829467773438,0.695,23700.0
1291,1599.06005859375,1599.0715026855469,0.723,23706.0
1292,1599.0486145019531,1599.06005859375,0.673,23712.0
1293,1599.0371704101562,1599.0486145019531,0.723,23718.0
1294,1599.0257263183594,1599.0371704101562,0.728,23724.0
1295,1599.0142822265625,1599.0257263183594,0.668,23730.0
1296,1599.0028381347656,1599.0142822265625,0.65,23736.0
1297,1598.9913940429688,1599.0028381347656,0.692,23742.0
1298,1598.9799499511719,1598.9913940429688,0.732,23748.0
1299,1598.968505859375,1598.9799499511719,0.687,23754.0
1300,1598.9570617675781,1598.968505859375,0.701,23760.0
1301,1598.9456176757812,1598.9570617675781,0.745,23766.0
1302,1598.9341735839844,1598.9456176757812,0.682,23772.0
1303,1598.9227294921875,1598.9341735839844,0.65,23778.0
1304,1598.9112854003906,1598.9227294921875,0.709,23784.0
1305,1598.8998413085938,1598.9112854003906,0.665,23790.0
1306,1598.8883972167969,1598.8998413085938,0.736,23796.0
1307,1598.876953125,1598.8883972167969,0.73,23802.0
1308,1598.8655090332031,1598.876953125,0.867,23808.0
1309,1598.8540649414062,1598.8655090332031,0.726,23814.0
1310,1598.8426208496094,1598.8540649414062,0.672,23820.0
1311,1598.8311767578125,1598.8426208496094,0.59,23826.0
1312,1598.8197326660156,1598.8311767578125,0.604,23832.0
1313,1597.8927612304688,1597.9042053222656,0.514,24318.0
1314,1597.8012084960938,1597.8126525878906,0.583,24366.0
1315,1595.2033996582031,1595.21484375,0.537,25728.0
1316,1595.1919555664062,1595.2033996582031,0.517,25734.0
1317,1595.1690673828125,1595.1805114746094,0.808,25746.0
1318,1595.1576232910156,1595.1690673828125,0.568,25752.0
1319,1594.6426391601562,1594.6540832519531,0.575,26022.0
1320,1594.3336486816406,1594.3450927734375,0.506,26184.0
1321,1594.2420959472656,1594.2535400390625,0.815,26232.0
1322,1594.1276550292969,1594.1390991210938,0.799,26292.0
1323,1593.9903259277344,1594.0017700195312,0.726,26364.0
1324,1593.8529968261719,1593.8644409179688,0.517,26436.0
1325,1593.8301086425781,1593.841552734375,0.7,26448.0
1326,1593.5325622558594,1593.5440063476562,0.571,26604.0
1327,1593.2235717773438,1593.2350158691406,0.688,26766.0
1328,1592.559814453125,1592.5712585449219,0.77,27114.0
1329,1592.5483703613281,1592.559814453125,0.637,27120.0
1330,1592.5254821777344,1592.5369262695312,0.612,27132.0
1331,1592.4911499023438,1592.5025939941406,0.508,27150.0
1332,1592.46826171875,1592.4797058105469,0.785,27162.0
1333,1592.4453735351562,1592.4568176269531,0.738,27174.0
1334,1592.4339294433594,1592.4453735351562,0.784,27180.0
1335,1592.3995971679688,1592.4110412597656,0.51,27198.0
1336,1592.3881530761719,1592.3995971679688,0.534,27204.0
1337,1592.3538208007812,1592.3652648925781,0.74,27222.0
1338,1592.3194885253906,1592.3309326171875,0.582,27240.0
1339,1592.2966003417969,1592.3080444335938,0.555,27252.0
1340,1592.193603515625,1592.2050476074219,0.683,27306.0
1341,1591.9075012207031,1591.9189453125,0.693,27456.0
1342,1591.8731689453125,1591.8846130371094,0.777,27474.0
1343,1591.7930603027344,1591.8045043945312,0.538,27516.0
1344,1591.6557312011719,1591.6671752929688,0.608,27588.0
1345,1591.6099548339844,1591.6213989257812,0.643,27612.0
1346,1591.5412902832031,1591.552734375,0.812,27648.0
1347,1591.5298461914062,1591.5412902832031,0.77,27654.0
1348,1591.5184020996094,1591.5298461914062,0.605,27660.0
1349,1591.5069580078125,1591.5184020996094,0.719,27666.0
1350,1591.4955139160156,1591.5069580078125,0.772,27672.0
1351,1591.4840698242188,1591.4955139160156,0.612,27678.0
1352,1591.4726257324219,1591.4840698242188,0.728,27684.0
1353,1591.461181640625,1591.4726257324219,0.589,27690.0
1354,1591.4497375488281,1591.461181640625,0.642,27696.0
1355,1591.4268493652344,1591.4382934570312,0.78,27708.0
1356,1591.4154052734375,1591.4268493652344,0.741,27714.0
1357,1591.4039611816406,1591.4154052734375,0.641,27720.0
1358,1591.3925170898438,1591.4039611816406,0.73,27726.0
1359,1591.3810729980469,1591.3925170898438,0.744,27732.0
1360,1591.36962890625,1591.3810729980469,0.776,27738.0
1361,1591.3581848144531,1591.36962890625,0.803,27744.0
1362,1591.3467407226562,1591.3581848144531,0.692,27750.0
1363,1591.3352966308594,1591.3467407226562,0.712,27756.0
1364,1591.3124084472656,1591.3238525390625,0.764,27768.0
1365,1591.3009643554688,1591.3124084472656,0.679,27774.0
1366,1591.2895202636719,1591.3009643554688,0.665,27780.0
1367,1591.278076171875,1591.2895202636719,0.798,27786.0
1368,1591.2666320800781,1591.278076171875,0.807,27792.0
1369,1591.2551879882812,1591.2666320800781,0.582,27798.0
1370,1591.2437438964844,1591.2551879882812,0.677,27804.0
1371,1591.2322998046875,1591.2437438964844,0.718,27810.0
1372,1591.2094116210938,1591.2208557128906,0.698,27822.0
1373,1591.1979675292969,1591.2094116210938,0.54,27828.0
1374,1591.1750793457031,1591.1865234375,0.637,27840.0
1375,1591.1521911621094,1591.1636352539062,0.707,27852.0
1376,1591.1407470703125,1591.1521911621094,0.559,27858.0
1377,1591.1293029785156,1591.1407470703125,0.788,27864.0
1378,1591.1064147949219,1591.1178588867188,0.708,27876.0
1379,1591.0835266113281,1591.094970703125,0.613,27888.0
1380,1591.0606384277344,1591.0720825195312,0.53,27900.0
1381,1591.0491943359375,1591.0606384277344,0.675,27906.0
1382,1591.0377502441406,1591.0491943359375,0.563,27912.0
1383,1591.0148620605469,1591.0263061523438,0.587,27924.0
1384,1591.00341796875,1591.0148620605469,0.634,27930.0
1385,1590.9919738769531,1591.00341796875,0.57,27936.0
1386,1590.9690856933594,1590.9805297851562,0.609,27948.0
1387,1590.911865234375,1590.9233093261719,0.651,27978.0
1388,1590.8546447753906,1590.8660888671875,0.62,28008.0
1389,1590.6486511230469,1590.6600952148438,0.562,28116.0
1390,1590.6143188476562,1590.6257629394531,0.582,28134.0
1391,1590.3854370117188,1590.3968811035156,0.524,28254.0
1392,1590.3167724609375,1590.3282165527344,0.611,28290.0
1393,1590.2938842773438,1590.3053283691406,0.566,28302.0
1394,1590.2481079101562,1590.2595520019531,0.51,28326.0
1395,1590.2023315429688,1590.2137756347656,0.61,28350.0
1396,1590.1336669921875,1590.1451110839844,0.572,28386.0
1397,1590.0764465332031,1590.087890625,0.609,28416.0
1398,1589.9848937988281,1589.996337890625,0.554,28464.0
1399,1589.9505615234375,1589.9620056152344,0.566,28482.0
1400,1589.9276733398438,1589.9391174316406,0.581,28494.0
1401,1589.8704528808594,1589.8818969726562,0.697,28524.0
1402,1589.6644592285156,1589.6759033203125,0.668,28632.0
1403,1589.53857421875,1589.5500183105469,0.769,28698.0
1404,1589.4699096679688,1589.4813537597656,0.652,28734.0
1405,1589.4355773925781,1589.447021484375,0.567,28752.0
1406,1589.3783569335938,1589.3898010253906,0.611,28782.0
1407,1589.3325805664062,1589.3440246582031,0.659,28806.0
1408,1589.3096923828125,1589.3211364746094,0.756,28818.0
1409,1589.2753601074219,1589.2868041992188,0.648,28836.0
1410,1589.2524719238281,1589.263916015625,0.732,28848.0
1411,1589.2410278320312,1589.2524719238281,0.518,28854.0
1412,1589.2066955566406,1589.2181396484375,0.725,28872.0
1413,1589.1952514648438,1589.2066955566406,0.749,28878.0
1414,1589.17236328125,1589.1838073730469,0.616,28890.0
1415,1589.1609191894531,1589.17236328125,0.734,28896.0
1416,1589.1265869140625,1589.1380310058594,0.724,28914.0
1417,1589.1151428222656,1589.1265869140625,0.717,28920.0
1418,1589.080810546875,1589.0922546386719,0.754,28938.0
1419,1589.0350341796875,1589.0464782714844,0.532,28962.0
1420,1588.2110595703125,1588.2225036621094,0.686,29394.0
1421,1694.6296691894531,1694.64111328125,0.867,3168.0
1422,1691.3909912109375,1691.4024353027344,0.717,4866.0
1423,1685.6346130371094,1685.6460571289062,0.501,7884.0
1424,1681.5032958984375,1681.5147399902344,0.543,10050.0
1425,1679.9125671386719,1679.9240112304688,0.645,10884.0
1426,1679.901123046875,1679.9125671386719,0.852,10890.0
1427,1679.8667907714844,1679.8782348632812,0.904,10908.0
1428,1679.8553466796875,1679.8667907714844,0.532,10914.0
1429,1679.8324584960938,1679.8439025878906,0.525,10926.0
1430,1679.8095703125,1679.8210144042969,0.652,10938.0
1431,1679.7866821289062,1679.7981262207031,0.937,10950.0
1432,1679.7752380371094,1679.7866821289062,0.82,10956.0
1433,1677.7839660644531,1677.79541015625,0.661,12000.0
1434,1676.0673522949219,1676.0787963867188,0.917,12900.0
1435,1676.055908203125,1676.0673522949219,0.698,12906.0
1436,1676.0444641113281,1676.055908203125,0.754,12912.0
1437,1676.0330200195312,1676.0444641113281,0.878,12918.0
1438,1676.0215759277344,1676.0330200195312,0.668,12924.0
1439,1676.0101318359375,1676.0215759277344,0.936,12930.0
1440,1675.9986877441406,1676.0101318359375,0.905,12936.0
1441,1675.9872436523438,1675.9986877441406,0.981,12942.0
1442,1675.9757995605469,1675.9872436523438,0.805,12948.0
1443,1675.96435546875,1675.9757995605469,0.638,12954.0
1444,1675.9529113769531,1675.96435546875,0.869,12960.0
1445,1675.9414672851562,1675.9529113769531,0.702,12966.0
1446,1675.9300231933594,1675.9414672851562,0.851,12972.0
1447,1675.9185791015625,1675.9300231933594,0.912,12978.0
1448,1674.6368408203125,1674.6482849121094,0.618,13650.0
1449,1673.2406616210938,1673.2521057128906,0.649,14382.0
1450,1673.2063293457031,1673.2177734375,0.52,14400.0
1451,1668.6630249023438,1668.6744689941406,0.513,16782.0
1452,1745.4872131347656,1745.4986572265625,0.521,6072.0
1453,1736.8240356445312,1736.8354797363281,0.514,10614.0
1454,1734.7068786621094,1734.7183227539062,0.616,11724.0
1455,1732.4981689453125,1732.5096130371094,0.587,12882.0
1456,1731.7657470703125,1731.7771911621094,0.614,13266.0
1457,1730.6900024414062,1730.7014465332031,0.514,13830.0
1458,1721.923828125,1721.9352722167969,0.536,18426.0
1459,1720.3330993652344,1720.3445434570312,0.589,19260.0
1460,1718.8453674316406,1718.8568115234375,0.668,20040.0
1461,1718.5249328613281,1718.536376953125,0.681,20208.0
1462,1718.3647155761719,1718.3761596679688,0.776,20292.0
1463,1718.2273864746094,1718.2388305664062,0.843,20364.0
1464,1705.3184509277344,1705.3298950195312,0.548,27132.0
1465,1702.4803161621094,1702.4917602539062,0.905,28620.0
1466,1701.6334533691406,1701.6448974609375,0.567,29064.0
1467,1812.92724609375,1812.9386901855469,0.695,282.0
1468,1808.0291748046875,1808.0406188964844,0.569,2850.0
1469,1806.8504333496094,1806.8618774414062,0.561,3468.0
1470,1801.5289306640625,1801.5403747558594,0.522,6258.0
1471,1800.1785278320312,1800.1899719238281,0.581,6966.0
1472,1792.6483154296875,1792.6597595214844,0.536,10914.0
1473,1791.7213439941406,1791.7327880859375,0.611,11400.0
1474,1784.1339111328125,1784.1453552246094,0.535,15378.0
1475,1780.5290222167969,1780.5404663085938,0.506,17268.0
1476,1779.7508239746094,1779.7622680664062,0.518,17676.0
1477,1779.4532775878906,1779.4647216796875,0.513,17832.0
1478,1778.50341796875,1778.5148620605469,0.573,18330.0
1479,1776.5693664550781,1776.580810546875,0.61,19344.0
1480,1771.4767456054688,1771.4881896972656,0.522,22014.0
1481,1771.4424133300781,1771.453857421875,0.617,22032.0
1482,1758.6250305175781,1758.636474609375,0.651,28752.0
1483,1868.7515258789062,1868.7629699707031,0.519,582.0
1484,1865.6158447265625,1865.6272888183594,0.832,2226.0
1485,1865.5471801757812,1865.5586242675781,0.647,2262.0
1486,1860.4774475097656,1860.4888916015625,0.67,4920.0
1487,1860.0540161132812,1860.0654602050781,0.731,5142.0
1488,1859.0354919433594,1859.0469360351562,0.598,5676.0
1489,1853.5537719726562,1853.5652160644531,0.508,8550.0
1490,1851.9287109375,1851.9401550292969,0.531,9402.0
1491,1846.3096618652344,1846.3211059570312,0.64,12348.0
1492,1845.0050354003906,1845.0164794921875,0.56,13032.0
1493,1843.4944152832031,1843.505859375,0.523,13824.0
1494,1843.1282043457031,1843.1396484375,0.549,14016.0
1495,1823.8105773925781,1823.822021484375,0.531,24144.0
1496,1816.7266845703125,1816.7381286621094,0.577,27858.0
1497,1925.0450134277344,1925.0564575195312,0.653,636.0
1498,1925.0106811523438,1925.0221252441406,0.792,654.0
1499,1924.9992370605469,1925.0106811523438,0.756,660.0
1500,1924.98779296875,1924.9992370605469,0.568,666.0
1501,1924.9763488769531,1924.98779296875,0.555,672.0
1502,1924.9649047851562,1924.9763488769531,0.718,678.0
1503,1924.9191284179688,1924.9305725097656,0.834,702.0
1504,1924.5986938476562,1924.6101379394531,0.651,870.0
1505,1924.5758056640625,1924.5872497558594,0.567,882.0
1506,1922.9965209960938,1923.0079650878906,0.516,1710.0
1507,1922.9278564453125,1922.9393005371094,0.585,1746.0
1508,1921.5431213378906,1921.5545654296875,0.503,2472.0
1509,1911.5753173828125,1911.5867614746094,0.605,7698.0
1510,1911.4151000976562,1911.4265441894531,0.845,7782.0
1511,1911.4036560058594,1911.4151000976562,0.795,7788.0
1512,1911.2434387207031,1911.2548828125,0.739,7872.0
1513,1910.888671875,1910.9001159667969,0.688,8058.0
1514,1910.797119140625,1910.8085632324219,0.695,8106.0
1515,1910.7742309570312,1910.7856750488281,0.707,8118.0
1516,1909.9273681640625,1909.9388122558594,0.633,8562.0
1517,1909.5840454101562,1909.5954895019531,0.76,8742.0
1518,1909.3093872070312,1909.3208312988281,0.716,8886.0
1519,1908.9431762695312,1908.9546203613281,0.773,9078.0
1520,1908.8859558105469,1908.8973999023438,0.517,9108.0
1521,1908.7600708007812,1908.7715148925781,0.84,9174.0
1522,1908.7028503417969,1908.7142944335938,0.841,9204.0
1523,1905.6587219238281,1905.670166015625,0.529,10800.0
1524,1894.7525024414062,1894.7639465332031,0.509,16518.0
1525,1893.8369750976562,1893.8484191894531,0.521,16998.0
1526,1893.6424255371094,1893.6538696289062,0.772,17100.0
1527,1893.4478759765625,1893.4593200683594,0.671,17202.0
1528,1892.7268981933594,1892.7383422851562,0.524,17580.0
1529,1891.3078308105469,1891.3192749023438,0.614,18324.0
1530,1889.8544311523438,1889.8658752441406,0.622,19086.0
1531,1887.6686096191406,1887.6800537109375,0.54,20232.0
1532,1886.5242004394531,1886.53564453125,0.636,20832.0
1533,1884.521484375,1884.5329284667969,0.546,21882.0
1534,1880.5046081542969,1880.5160522460938,0.702,23988.0
1535,1880.2871704101562,1880.2986145019531,0.58,24102.0
1536,1880.1841735839844,1880.1956176757812,0.513,24156.0
1537,1871.6354370117188,1871.6468811035156,0.628,28638.0
