,start_freq,end_freq,probability,index
0,1079.875944647938,1079.887388739735,0.516,228.0
1,1079.7729478217661,1079.784391913563,0.572,282.0
2,1079.5898423530161,1079.601286444813,0.541,378.0
3,1077.7931199409068,1077.8045640327036,0.508,1320.0
4,1077.2438035346568,1077.2552476264536,0.511,1608.0
5,1076.3854966498911,1076.396940741688,0.532,2058.0
6,1076.3511643745005,1076.3626084662974,0.579,2076.0
7,1076.213835272938,1076.225279364735,0.505,2148.0
8,1075.6187424995005,1075.6301865912974,0.804,2460.0
9,1075.5958543159068,1075.6072984077036,0.528,2472.0
10,1075.5043015815318,1075.5157456733286,0.509,2520.0
11,1075.2754197455943,1075.2868638373911,0.527,2640.0
12,1075.1495347358286,1075.1609788276255,0.596,2706.0
13,1074.394224677235,1074.4056687690318,0.638,3102.0
14,1074.0852341987193,1074.0966782905161,0.648,3264.0
15,1073.8906846381724,1073.9021287299693,0.775,3366.0
16,1073.7991319037974,1073.8105759955943,0.614,3414.0
17,1073.2383714057505,1073.2498154975474,0.504,3708.0
18,1073.1239304877818,1073.1353745795786,0.662,3768.0
19,1069.084166083485,1069.0956101752818,0.638,5886.0
20,1069.0612778998911,1069.072721991688,0.671,5898.0
21,1069.0498338080943,1069.0612778998911,0.871,5904.0
22,1068.99261334911,1069.0040574409068,0.582,5934.0
23,1068.981169257313,1068.99261334911,0.793,5940.0
24,1068.901060614735,1068.9125047065318,0.649,5982.0
25,1066.8983445502818,1066.9097886420786,0.626,7032.0
26,1064.2776475287974,1064.2890916205943,0.564,8406.0
27,1064.0716538764536,1064.0830979682505,0.793,8514.0
28,1062.9043565131724,1062.9158006049693,0.854,9126.0
29,1062.8700242377818,1062.8814683295786,0.537,9144.0
30,1062.8128037787974,1062.8242478705943,0.655,9174.0
31,1062.5152573920786,1062.5267014838755,0.58,9330.0
32,1062.1833787299693,1062.1948228217661,0.578,9504.0
33,1062.126158270985,1062.1376023627818,0.52,9534.0
34,1061.85150006786,1061.8629441596568,0.804,9678.0
35,1061.8057237006724,1061.8171677924693,0.707,9702.0
36,1061.382292304188,1061.393736395985,0.564,9924.0
37,1060.111998114735,1060.1234422065318,0.744,10590.0
38,1060.0318894721568,1060.0433335639536,0.514,10632.0
39,1059.2422471381724,1059.2536912299693,0.645,11046.0
40,1059.1621384955943,1059.1735825873911,0.535,11088.0
41,1058.9790330268443,1058.9904771186411,0.505,11184.0
42,1056.0150132514536,1056.0264573432505,0.639,12738.0
43,1046.195982489735,1046.2074265815318,0.681,17886.0
44,1044.9829087592661,1044.994352851063,0.539,18522.0
45,1039.6270737983286,1039.6385178901255,0.672,21330.0
46,1039.421080145985,1039.4325242377818,0.578,21438.0
47,1039.2951951362193,1039.3066392280161,0.69,21504.0
48,1039.226530585438,1039.237974677235,0.656,21540.0
49,1038.7458787299693,1038.7573228217661,0.548,21792.0
50,1033.2412705756724,1033.2527146674693,0.747,24678.0
51,1033.1726060248911,1033.184050116688,0.504,24714.0
52,1032.085417304188,1032.096861395985,0.569,25284.0
53,1031.1126695014536,1031.1241135932505,0.554,25794.0
54,1030.6777940131724,1030.6892381049693,0.543,26022.0
55,1029.716490302235,1029.7279343940318,0.782,26526.0
56,1029.44183209911,1029.4532761909068,0.601,26670.0
57,1028.7437424995005,1028.7551865912974,0.626,27036.0
58,1027.9884324409068,1027.9998765327036,0.502,27432.0
59,1027.5421128608286,1027.5535569526255,0.515,27666.0
60,1027.0271287299693,1027.0385728217661,0.712,27936.0
61,1024.8184190131724,1024.8298631049693,0.522,29094.0
62,1024.3377671577036,1024.3492112495005,0.513,29346.0
63,1077.2953019477427,1077.3067460395396,0.67,1578.0
64,1076.5171037055552,1076.528547797352,0.782,1986.0
65,1076.5056596137583,1076.5171037055552,0.544,1992.0
66,1076.4141068793833,1076.4255509711802,0.533,2040.0
67,1076.3683305121958,1076.3797746039927,0.672,2064.0
68,1076.2996659614146,1076.3111100532115,0.515,2100.0
69,1075.716017279774,1075.7274613715708,0.623,2406.0
70,1075.3955827094615,1075.4070268012583,0.543,2574.0
71,1075.2811417914927,1075.2925858832896,0.649,2634.0
72,1074.9950394965708,1075.0064835883677,0.752,2784.0
73,1074.7203812934458,1074.7318253852427,0.578,2928.0
74,1074.4686112739146,1074.4800553657115,0.595,3060.0
75,1069.0898881293833,1069.1013322211802,0.552,5880.0
76,1069.0784440375865,1069.0898881293833,0.9,5886.0
77,1069.0669999457896,1069.0784440375865,0.868,5892.0
78,1069.0097794868052,1069.021223578602,0.584,5922.0
79,1068.9983353950083,1069.0097794868052,0.75,5928.0
80,1068.9868913032115,1068.9983353950083,0.8,5934.0
81,1068.9754472114146,1068.9868913032115,0.715,5940.0
82,1068.9067826606333,1068.9182267524302,0.81,5976.0
83,1068.8953385688365,1068.9067826606333,0.848,5982.0
84,1068.8838944770396,1068.8953385688365,0.824,5988.0
85,1068.8152299262583,1068.8266740180552,0.593,6024.0
86,1064.1117081977427,1064.1231522895396,0.507,8490.0
87,1063.4136185981333,1063.4250626899302,0.656,8856.0
88,1063.3335099555552,1063.344954047352,0.532,8898.0
89,1063.1160722114146,1063.1275163032115,0.615,9012.0
90,1063.0588517524302,1063.070295844227,0.731,9042.0
91,1062.9215226508677,1062.9329667426646,0.582,9114.0
92,1061.9258866645396,1061.9373307563365,0.568,9636.0
93,1061.8686662055552,1061.880110297352,0.617,9666.0
94,1061.800001654774,1061.8114457465708,0.516,9702.0
95,1061.4109025336802,1061.422346625477,0.57,9906.0
96,1061.239241156727,1061.250685248524,0.58,9996.0
97,1060.9302506782115,1060.9416947700083,0.601,10158.0
98,1060.8158097602427,1060.8272538520396,0.525,10218.0
99,1060.7242570258677,1060.7357011176646,0.588,10266.0
100,1060.2664933539927,1060.2779374457896,0.759,10506.0
101,1060.140608344227,1060.152052436024,0.526,10572.0
102,1059.0763078071177,1059.0877518989146,0.811,11130.0
103,1056.1695084907115,1056.1809525825083,0.613,12654.0
104,1054.3155656196177,1054.3270097114146,0.644,13626.0
105,1053.3313737250865,1053.3428178168833,0.569,14142.0
106,1047.9183183051646,1047.9297623969615,0.676,16980.0
107,1044.8970780707896,1044.9085221625865,0.678,18564.0
108,1040.010450873524,1040.0218949653208,0.667,21126.0
109,1039.7014603950083,1039.7129044868052,0.529,21288.0
110,1039.632795844227,1039.644239936024,0.658,21324.0
111,1039.4954667426646,1039.5069108344615,0.695,21396.0
112,1039.4268021918833,1039.4382462836802,0.616,21432.0
113,1034.4943986274302,1034.505842719227,0.523,24018.0
114,1030.4088578559458,1030.4203019477427,0.527,26160.0
115,1028.9783463813365,1028.9897904731333,0.516,26910.0
116,1027.9827103950083,1027.9941544868052,0.566,27432.0
117,1027.639387641102,1027.650831732899,0.516,27612.0
118,1027.2617326118052,1027.273176703602,0.575,27810.0
119,1026.918409857899,1026.9298539496958,0.585,27990.0
120,1026.8726334907115,1026.8840775825083,0.591,28014.0
121,1026.8611893989146,1026.8726334907115,0.626,28020.0
122,1134.532927069813,1134.54437116161,0.549,1140.0
123,1133.354185614735,1133.3656297065318,0.599,1758.0
124,1129.7264085151255,1129.7378526069224,0.579,3660.0
125,1127.6893601752818,1127.7008042670786,0.668,4728.0
126,1126.0986314155161,1126.110075507313,0.51,5562.0
127,1124.9427781440318,1124.9542222358286,0.569,6168.0
128,1124.7825608588755,1124.7940049506724,0.522,6252.0
129,1123.9814744330943,1123.9929185248911,0.707,6672.0
130,1122.7111802436411,1122.722624335438,0.675,7338.0
131,1121.7384324409068,1121.7498765327036,0.612,7848.0
132,1118.8201890327036,1118.8316331245005,0.678,9378.0
133,1112.113951239735,1112.1253953315318,0.564,12894.0
134,1103.9772019721568,1103.9886460639536,0.65,17160.0
135,1103.9199815131724,1103.9314256049693,0.636,17190.0
136,1102.0660386420786,1102.0774827338755,0.56,18162.0
137,1101.9744859077036,1101.9859299995005,0.577,18210.0
138,1101.6998277045786,1101.7112717963755,0.675,18354.0
139,1101.6426072455943,1101.6540513373911,0.527,18384.0
140,1101.0932908393443,1101.1047349311411,0.757,18672.0
141,1100.9559617377818,1100.9674058295786,0.527,18744.0
142,1100.749968085438,1100.761412177235,0.784,18852.0
143,1100.6126389838755,1100.6240830756724,0.762,18924.0
144,1100.3150925971568,1100.3265366889536,0.626,19080.0
145,1100.1892075873911,1100.200651679188,0.53,19146.0
146,1097.92327741161,1097.9347215034068,0.655,20334.0
147,1096.2066636420786,1096.2181077338755,0.724,21234.0
148,1096.1952195502818,1096.2066636420786,0.731,21240.0
149,1095.439909491688,1095.451353583485,0.857,21636.0
150,1095.073698554188,1095.085142645985,0.721,21828.0
151,1094.7418198920786,1094.7532639838755,0.821,22002.0
152,1094.3641648627818,1094.3756089545786,0.868,22200.0
153,1094.3069444037974,1094.3183884955943,0.536,22230.0
154,1094.158171210438,1094.169615302235,0.692,22308.0
155,1094.1238389350474,1094.1352830268443,0.702,22326.0
156,1094.1123948432505,1094.1238389350474,0.527,22332.0
157,1093.9407334662974,1093.9521775580943,0.754,22422.0
158,1093.5859666205943,1093.5974107123911,0.531,22608.0
159,1093.34564069286,1093.3570847846568,0.516,22734.0
160,1093.1968674995005,1093.2083115912974,0.626,22812.0
161,1093.1282029487193,1093.1396470405161,0.536,22848.0
162,1092.9450974799693,1092.9565415717661,0.63,22944.0
163,1092.7505479194224,1092.7619920112193,0.83,23046.0
164,1092.2927842475474,1092.3042283393443,0.521,23286.0
165,1091.4802537299693,1091.4916978217661,0.763,23712.0
166,1091.411589179188,1091.423033270985,0.876,23748.0
167,1091.3887009955943,1091.4001450873911,0.558,23760.0
168,1091.3772569037974,1091.3887009955943,0.628,23766.0
169,1091.3658128120005,1091.3772569037974,0.568,23772.0
170,1091.3543687202036,1091.3658128120005,0.54,23778.0
171,1091.3085923530161,1091.320036444813,0.51,23802.0
172,1090.0039658881724,1090.0154099799693,0.668,24486.0
173,1089.9810777045786,1089.9925217963755,0.561,24498.0
174,1087.932585272938,1087.944029364735,0.718,25572.0
175,1087.9096970893443,1087.9211411811411,0.57,25584.0
176,1087.7952561713755,1087.8067002631724,0.537,25644.0
177,1087.7380357123911,1087.749479804188,0.593,25674.0
178,1087.3603806830943,1087.3718247748911,0.64,25872.0
179,1086.8682847358286,1086.8797288276255,0.62,26130.0
180,1086.833952460438,1086.845396552235,0.542,26148.0
181,1085.83831647411,1085.8497605659068,0.619,26670.0
182,1085.5064378120005,1085.5178819037974,0.849,26844.0
183,1085.4949937202036,1085.5064378120005,0.629,26850.0
184,1085.4835496284068,1085.4949937202036,0.64,26856.0
185,1085.47210553661,1085.4835496284068,0.708,26862.0
186,1085.4148850776255,1085.4263291694224,0.582,26892.0
187,1085.3462205268443,1085.3576646186411,0.686,26928.0
188,1084.9456773139536,1084.9571214057505,0.512,27138.0
189,1084.8999009467661,1084.911345038563,0.682,27162.0
190,1084.6252427436411,1084.636686835438,0.649,27306.0
191,1084.5336900092661,1084.545134101063,0.551,27354.0
192,1084.4879136420786,1084.4993577338755,0.567,27378.0
193,1084.465025458485,1084.4764695502818,0.537,27390.0
194,1084.453581366688,1084.465025458485,0.665,27396.0
195,1084.3048081733286,1084.3162522651255,0.577,27474.0
196,1083.7898240424693,1083.8012681342661,0.866,27744.0
197,1083.7554917670786,1083.7669358588755,0.873,27762.0
198,1083.0345139838755,1083.0459580756724,0.826,28140.0
199,1082.988737616688,1083.000181708485,0.655,28164.0
200,1082.8628526069224,1082.8742966987193,0.711,28230.0
201,1082.8514085151255,1082.8628526069224,0.794,28236.0
202,1082.5080857612193,1082.5195298530161,0.534,28416.0
203,1082.4851975776255,1082.4966416694224,0.618,28428.0
204,1081.6955552436411,1081.706999335438,0.914,28842.0
205,1133.6231217719615,1133.6345658637583,0.56,1614.0
206,1126.9397721625865,1126.9512162543833,0.623,5118.0
207,1126.0013566352427,1126.0128007270396,0.705,5610.0
208,1125.4749284125865,1125.4863725043833,0.844,5886.0
209,1125.1201615668833,1125.1316056586802,0.641,6072.0
210,1124.696730170399,1124.7081742621958,0.556,6294.0
211,1124.1245255805552,1124.135969672352,0.801,6594.0
212,1122.0073685981333,1122.0188126899302,0.581,7704.0
213,1121.7441544868052,1121.755598578602,0.75,7842.0
214,1110.689161811024,1110.7006059028208,0.588,13638.0
215,1110.3458390571177,1110.3572831489146,0.516,13818.0
216,1102.8270707465708,1102.8385148383677,0.508,17760.0
217,1102.815626654774,1102.8270707465708,0.567,17766.0
218,1102.7698502875865,1102.7812943793833,0.738,17790.0
219,1101.9687638618052,1101.980207953602,0.876,18210.0
220,1101.3164506293833,1101.3278947211802,0.514,18552.0
221,1098.1235490180552,1098.134993109852,0.506,20226.0
222,1097.9289994575083,1097.9404435493052,0.835,20328.0
223,1097.6200089789927,1097.6314530707896,0.763,20490.0
224,1097.4369035102427,1097.4483476020396,0.754,20586.0
225,1097.2080216743052,1097.219465766102,0.668,20706.0
226,1097.0249162055552,1097.036360297352,0.626,20802.0
227,1095.9720597602427,1095.9835038520396,0.586,21354.0
228,1095.113752875477,1095.125196967274,0.504,21804.0
229,1094.5072160102427,1094.5186601020396,0.728,22122.0
230,1094.2325578071177,1094.2440018989146,0.644,22266.0
231,1094.118116889149,1094.1295609809458,0.568,22326.0
232,1093.9807877875865,1093.9922318793833,0.716,22398.0
233,1093.374250922352,1093.385695014149,0.644,22716.0
234,1093.3513627387583,1093.3628068305552,0.735,22728.0
235,1093.282698187977,1093.294142279774,0.7,22764.0
236,1093.111036811024,1093.1224809028208,0.556,22854.0
237,1092.9393754340708,1092.9508195258677,0.547,22944.0
238,1092.2985062934458,1092.3099503852427,0.599,23280.0
239,1092.2412858344615,1092.2527299262583,0.72,23310.0
240,1091.920851264149,1091.9322953559458,0.54,23478.0
241,1091.3829789496958,1091.3944230414927,0.597,23760.0
242,1091.371534857899,1091.3829789496958,0.551,23766.0
243,1091.360090766102,1091.371534857899,0.764,23772.0
244,1090.0211320258677,1090.0325761176646,0.593,24474.0
245,1090.0096879340708,1090.0211320258677,0.566,24480.0
246,1089.3917069770396,1089.4031510688365,0.526,24804.0
247,1088.1443009711802,1088.155745062977,0.652,25458.0
248,1088.1099686957896,1088.1214127875865,0.75,25476.0
249,1087.160109076649,1087.1715531684458,0.65,25974.0
250,1086.9426713325083,1086.9541154243052,0.539,26088.0
251,1086.9083390571177,1086.9197831489146,0.607,26106.0
252,1086.874006781727,1086.885450873524,0.758,26124.0
253,1085.8440385200083,1085.8554826118052,0.844,26664.0
254,1085.8325944282115,1085.8440385200083,0.575,26670.0
255,1085.6266007758677,1085.6380448676646,0.603,26778.0
256,1085.6151566840708,1085.6266007758677,0.51,26784.0
257,1085.5236039496958,1085.5350480414927,0.517,26832.0
258,1085.500715766102,1085.512159857899,0.69,26844.0
259,1085.4892716743052,1085.500715766102,0.696,26850.0
260,1085.4778275825083,1085.4892716743052,0.744,26856.0
261,1085.4663834907115,1085.4778275825083,0.707,26862.0
262,1085.420607123524,1085.4320512153208,0.614,26886.0
263,1084.4707475043833,1084.4821915961802,0.573,27384.0
264,1084.4593034125865,1084.4707475043833,0.865,27390.0
265,1083.772657904774,1083.7841019965708,0.859,27750.0
266,1083.1089005805552,1083.120344672352,0.681,28098.0
267,1082.7198014594615,1082.7312455512583,0.51,28302.0
268,1082.6396928168833,1082.6511369086802,0.513,28344.0
269,1082.582472357899,1082.5939164496958,0.512,28374.0
270,1082.5481400825083,1082.5595841743052,0.886,28392.0
271,1082.490919623524,1082.5023637153208,0.671,28422.0
272,1082.4680314399302,1082.479475531727,0.7,28434.0
273,1081.1405167914927,1081.1519608832896,0.707,29130.0
274,1080.9459672309458,1080.9574113227427,0.822,29232.0
275,1190.02532819286,1190.0367722846568,0.589,1614.0
276,1188.19427350536,1188.2057175971568,0.631,2574.0
277,1188.1256089545786,1188.1370530463755,0.572,2610.0
278,1185.8367905952036,1185.8482346870005,0.764,3810.0
279,1184.4749436713755,1184.4863877631724,0.732,4524.0
280,1183.147429022938,1183.158873114735,0.585,5220.0
281,1183.06732038036,1183.0787644721568,0.686,5262.0
282,1182.6782212592661,1182.689665351063,0.675,5466.0
283,1182.4722276069224,1182.4836716987193,0.62,5574.0
284,1182.1060166694224,1182.1174607612193,0.547,5766.0
285,1182.0945725776255,1182.1060166694224,0.58,5772.0
286,1182.0030198432505,1182.0144639350474,0.859,5820.0
287,1181.9114671088755,1181.9229112006724,0.747,5868.0
288,1181.877134833485,1181.8885789252818,0.753,5886.0
289,1181.7283616401255,1181.7398057319224,0.618,5964.0
290,1181.694029364735,1181.7054734565318,0.77,5982.0
291,1181.60247663036,1181.6139207221568,0.537,6030.0
292,1181.5795884467661,1181.591032538563,0.601,6042.0
293,1181.5223679877818,1181.5338120795786,0.777,6072.0
294,1181.510923895985,1181.5223679877818,0.707,6078.0
295,1181.4880357123911,1181.499479804188,0.538,6090.0
296,1181.4765916205943,1181.4880357123911,0.888,6096.0
297,1181.4651475287974,1181.4765916205943,0.715,6102.0
298,1181.407927069813,1181.41937116161,0.688,6132.0
299,1181.3964829780161,1181.407927069813,0.606,6138.0
300,1181.3850388862193,1181.3964829780161,0.878,6144.0
301,1181.3507066108286,1181.3621507026255,0.565,6162.0
302,1181.3392625190318,1181.3507066108286,0.699,6168.0
303,1181.2934861518443,1181.3049302436411,0.655,6192.0
304,1181.2591538764536,1181.2705979682505,0.873,6210.0
305,1181.23626569286,1181.2477097846568,0.758,6222.0
306,1181.2133775092661,1181.224821601063,0.801,6234.0
307,1181.2019334174693,1181.2133775092661,0.727,6240.0
308,1181.1790452338755,1181.1904893256724,0.623,6252.0
309,1181.1676011420786,1181.1790452338755,0.756,6258.0
310,1181.1561570502818,1181.1676011420786,0.605,6264.0
311,1181.144712958485,1181.1561570502818,0.879,6270.0
312,1181.133268866688,1181.144712958485,0.771,6276.0
313,1181.0760484077036,1181.0874924995005,0.893,6306.0
314,1181.0646043159068,1181.0760484077036,0.868,6312.0
315,1181.0188279487193,1181.0302720405161,0.591,6336.0
316,1180.9043870307505,1180.9158311225474,0.884,6396.0
317,1180.87005475536,1180.8814988471568,0.635,6414.0
318,1180.858610663563,1180.87005475536,0.875,6420.0
319,1180.8128342963755,1180.8242783881724,0.551,6444.0
320,1180.8013902045786,1180.8128342963755,0.834,6450.0
321,1180.767057929188,1180.778502020985,0.815,6468.0
322,1180.7441697455943,1180.7556138373911,0.51,6480.0
323,1180.675505194813,1180.68694928661,0.85,6516.0
324,1180.6182847358286,1180.6297288276255,0.835,6546.0
325,1180.583952460438,1180.595396552235,0.517,6564.0
326,1180.5725083686411,1180.583952460438,0.511,6570.0
327,1180.5610642768443,1180.5725083686411,0.896,6576.0
328,1180.4351792670786,1180.4466233588755,0.778,6642.0
329,1180.400846991688,1180.412291083485,0.843,6660.0
330,1180.3779588080943,1180.3894028998911,0.778,6672.0
331,1180.3665147162974,1180.3779588080943,0.978,6678.0
332,1180.3436265327036,1180.3550706245005,0.535,6690.0
333,1180.309294257313,1180.32073834911,0.895,6708.0
334,1180.2978501655161,1180.309294257313,0.933,6714.0
335,1180.2406297065318,1180.2520737983286,0.752,6744.0
336,1180.1490769721568,1180.1605210639536,0.585,6792.0
337,1180.13763288036,1180.1490769721568,0.665,6798.0
338,1180.1033006049693,1180.1147446967661,0.706,6816.0
339,1180.0918565131724,1180.1033006049693,0.71,6822.0
340,1180.0804124213755,1180.0918565131724,0.578,6828.0
341,1180.0689683295786,1180.0804124213755,0.736,6834.0
342,1180.0575242377818,1180.0689683295786,0.695,6840.0
343,1180.0117478705943,1180.0231919623911,0.867,6864.0
344,1179.9774155952036,1179.9888596870005,0.745,6882.0
345,1179.9316392280161,1179.943083319813,0.594,6906.0
346,1179.9201951362193,1179.9316392280161,0.769,6912.0
347,1179.8744187690318,1179.8858628608286,0.91,6936.0
348,1179.8400864936411,1179.851530585438,0.811,6954.0
349,1179.8286424018443,1179.8400864936411,0.785,6960.0
350,1179.8171983100474,1179.8286424018443,0.627,6966.0
351,1179.8057542182505,1179.8171983100474,0.918,6972.0
352,1179.77142194286,1179.7828660346568,0.577,6990.0
353,1179.759977851063,1179.77142194286,0.632,6996.0
354,1179.7485337592661,1179.759977851063,0.882,7002.0
355,1179.7027573920786,1179.7142014838755,0.931,7026.0
356,1179.679869208485,1179.6913133002818,0.754,7038.0
357,1179.6455369330943,1179.6569810248911,0.551,7056.0
358,1179.6112046577036,1179.6226487495005,0.898,7074.0
359,1179.576872382313,1179.58831647411,0.812,7092.0
360,1179.5539841987193,1179.5654282905161,0.522,7104.0
361,1179.5425401069224,1179.5539841987193,0.701,7110.0
362,1179.5310960151255,1179.5425401069224,0.906,7116.0
363,1179.5082078315318,1179.5196519233286,0.56,7128.0
364,1179.4166550971568,1179.4280991889536,0.869,7176.0
365,1179.40521100536,1179.4166550971568,0.914,7182.0
366,1179.393766913563,1179.40521100536,0.633,7188.0
367,1179.3365464545786,1179.3479905463755,0.78,7218.0
368,1179.3251023627818,1179.3365464545786,0.621,7224.0
369,1179.2449937202036,1179.2564378120005,0.899,7266.0
370,1179.2335496284068,1179.2449937202036,0.604,7272.0
371,1179.22210553661,1179.2335496284068,0.873,7278.0
372,1179.1877732612193,1179.1992173530161,0.569,7296.0
373,1179.1763291694224,1179.1877732612193,0.909,7302.0
374,1179.1419968940318,1179.1534409858286,0.735,7320.0
375,1179.119108710438,1179.130552802235,0.583,7332.0
376,1179.1076646186411,1179.119108710438,0.661,7338.0
377,1179.0847764350474,1179.0962205268443,0.837,7350.0
378,1179.0618882514536,1179.0733323432505,0.918,7362.0
379,1179.0504441596568,1179.0618882514536,0.769,7368.0
380,1179.03900006786,1179.0504441596568,0.684,7374.0
381,1179.027555976063,1179.03900006786,0.589,7380.0
382,1179.0161118842661,1179.027555976063,0.6,7386.0
383,1179.0046677924693,1179.0161118842661,0.705,7392.0
384,1178.9932237006724,1179.0046677924693,0.749,7398.0
385,1178.9817796088755,1178.9932237006724,0.851,7404.0
386,1178.9588914252818,1178.9703355170786,0.921,7416.0
387,1178.9245591498911,1178.936003241688,0.57,7434.0
388,1178.8787827827036,1178.8902268745005,0.68,7458.0
389,1178.8673386909068,1178.8787827827036,0.973,7464.0
390,1178.85589459911,1178.8673386909068,0.899,7470.0
391,1178.844450507313,1178.85589459911,0.663,7476.0
392,1178.8215623237193,1178.8330064155161,0.89,7488.0
393,1178.8101182319224,1178.8215623237193,0.599,7494.0
394,1178.7872300483286,1178.7986741401255,0.778,7506.0
395,1178.7757859565318,1178.7872300483286,0.61,7512.0
396,1178.752897772938,1178.764341864735,0.503,7524.0
397,1178.7414536811411,1178.752897772938,0.939,7530.0
398,1178.7300095893443,1178.7414536811411,0.808,7536.0
399,1178.7185654975474,1178.7300095893443,0.963,7542.0
400,1178.7071214057505,1178.7185654975474,0.671,7548.0
401,1178.6956773139536,1178.7071214057505,0.584,7554.0
402,1178.67278913036,1178.6842332221568,0.709,7566.0
403,1178.661345038563,1178.67278913036,0.689,7572.0
404,1178.6499009467661,1178.661345038563,0.943,7578.0
405,1178.6384568549693,1178.6499009467661,0.964,7584.0
406,1178.6270127631724,1178.6384568549693,0.622,7590.0
407,1178.6155686713755,1178.6270127631724,0.867,7596.0
408,1178.6041245795786,1178.6155686713755,0.623,7602.0
409,1178.5926804877818,1178.6041245795786,0.768,7608.0
410,1178.581236395985,1178.5926804877818,0.884,7614.0
411,1178.5469041205943,1178.5583482123911,0.579,7632.0
412,1178.5354600287974,1178.5469041205943,0.607,7638.0
413,1178.5240159370005,1178.5354600287974,0.857,7644.0
414,1178.5125718452036,1178.5240159370005,0.883,7650.0
415,1178.4667954780161,1178.478239569813,0.887,7674.0
416,1178.4439072944224,1178.4553513862193,0.814,7686.0
417,1178.4324632026255,1178.4439072944224,0.527,7692.0
418,1178.4095750190318,1178.4210191108286,0.926,7704.0
419,1178.3752427436411,1178.386686835438,0.885,7722.0
420,1178.3637986518443,1178.3752427436411,0.594,7728.0
421,1178.3523545600474,1178.3637986518443,0.829,7734.0
422,1178.3409104682505,1178.3523545600474,0.724,7740.0
423,1178.3180222846568,1178.3294663764536,0.914,7752.0
424,1178.2836900092661,1178.295134101063,0.954,7770.0
425,1178.2608018256724,1178.2722459174693,0.715,7782.0
426,1178.2379136420786,1178.2493577338755,0.879,7794.0
427,1178.2264695502818,1178.2379136420786,0.923,7800.0
428,1178.1806931830943,1178.1921372748911,0.76,7824.0
429,1178.1349168159068,1178.1463609077036,0.883,7848.0
430,1178.1005845405161,1178.112028632313,0.768,7866.0
431,1178.0891404487193,1178.1005845405161,0.574,7872.0
432,1178.0433640815318,1178.0548081733286,0.747,7896.0
433,1178.031919989735,1178.0433640815318,0.646,7902.0
434,1177.9746995307505,1177.9861436225474,0.633,7932.0
435,1177.9632554389536,1177.9746995307505,0.962,7938.0
436,1177.9518113471568,1177.9632554389536,0.881,7944.0
437,1177.94036725536,1177.9518113471568,0.863,7950.0
438,1177.928923163563,1177.94036725536,0.559,7956.0
439,1177.9174790717661,1177.928923163563,0.614,7962.0
440,1177.9060349799693,1177.9174790717661,0.571,7968.0
441,1177.8945908881724,1177.9060349799693,0.805,7974.0
442,1177.8717027045786,1177.8831467963755,0.812,7986.0
443,1177.837370429188,1177.848814520985,0.875,8004.0
444,1177.8259263373911,1177.837370429188,0.832,8010.0
445,1177.8144822455943,1177.8259263373911,0.905,8016.0
446,1177.7915940620005,1177.8030381537974,0.936,8028.0
447,1177.7687058784068,1177.7801499702036,0.903,8040.0
448,1177.745817694813,1177.75726178661,0.897,8052.0
449,1177.7114854194224,1177.7229295112193,0.748,8070.0
450,1177.7000413276255,1177.7114854194224,0.759,8076.0
451,1177.6885972358286,1177.7000413276255,0.503,8082.0
452,1177.6771531440318,1177.6885972358286,0.814,8088.0
453,1177.6428208686411,1177.654264960438,0.88,8106.0
454,1177.6313767768443,1177.6428208686411,0.956,8112.0
455,1177.6199326850474,1177.6313767768443,0.797,8118.0
456,1177.6084885932505,1177.6199326850474,0.84,8124.0
457,1177.57415631786,1177.5856004096568,0.901,8142.0
458,1177.562712226063,1177.57415631786,0.819,8148.0
459,1177.5283799506724,1177.5398240424693,0.813,8166.0
460,1177.5169358588755,1177.5283799506724,0.681,8172.0
461,1177.5054917670786,1177.5169358588755,0.71,8178.0
462,1177.482603583485,1177.4940476752818,0.961,8190.0
463,1177.471159491688,1177.482603583485,0.571,8196.0
464,1177.4482713080943,1177.4597153998911,0.922,8208.0
465,1177.4368272162974,1177.4482713080943,0.814,8214.0
466,1177.4024949409068,1177.4139390327036,0.622,8232.0
467,1177.379606757313,1177.39105084911,0.847,8244.0
468,1177.3567185737193,1177.3681626655161,0.82,8256.0
469,1177.3452744819224,1177.3567185737193,0.736,8262.0
470,1177.3338303901255,1177.3452744819224,0.894,8268.0
471,1177.299498114735,1177.3109422065318,0.631,8286.0
472,1177.288054022938,1177.299498114735,0.767,8292.0
473,1177.2766099311411,1177.288054022938,0.9,8298.0
474,1177.2651658393443,1177.2766099311411,0.764,8304.0
475,1177.2422776557505,1177.2537217475474,0.721,8316.0
476,1177.2308335639536,1177.2422776557505,0.924,8322.0
477,1177.2193894721568,1177.2308335639536,0.896,8328.0
478,1177.20794538036,1177.2193894721568,0.88,8334.0
479,1177.1850571967661,1177.196501288563,0.889,8346.0
480,1177.1621690131724,1177.1736131049693,0.842,8358.0
481,1177.1392808295786,1177.1507249213755,0.575,8370.0
482,1177.1278367377818,1177.1392808295786,0.77,8376.0
483,1177.104948554188,1177.116392645985,0.964,8388.0
484,1177.0935044623911,1177.104948554188,0.526,8394.0
485,1177.0706162787974,1177.0820603705943,0.613,8406.0
486,1177.0477280952036,1177.0591721870005,0.796,8418.0
487,1177.02483991161,1177.0362840034068,0.542,8430.0
488,1177.013395819813,1177.02483991161,0.903,8436.0
489,1177.0019517280161,1177.013395819813,0.775,8442.0
490,1176.9905076362193,1177.0019517280161,0.552,8448.0
491,1176.9790635444224,1176.9905076362193,0.732,8454.0
492,1176.9447312690318,1176.9561753608286,0.923,8472.0
493,1176.8989549018443,1176.9103989936411,0.883,8496.0
494,1176.8875108100474,1176.8989549018443,0.563,8502.0
495,1176.8646226264536,1176.8760667182505,0.714,8514.0
496,1176.8531785346568,1176.8646226264536,0.801,8520.0
497,1176.84173444286,1176.8531785346568,0.76,8526.0
498,1176.830290351063,1176.84173444286,0.569,8532.0
499,1176.8074021674693,1176.8188462592661,0.584,8544.0
500,1176.7959580756724,1176.8074021674693,0.736,8550.0
501,1176.7845139838755,1176.7959580756724,0.955,8556.0
502,1176.7730698920786,1176.7845139838755,0.834,8562.0
503,1176.750181708485,1176.7616258002818,0.879,8574.0
504,1176.738737616688,1176.750181708485,0.829,8580.0
505,1176.7158494330943,1176.7272935248911,0.849,8592.0
506,1176.7044053412974,1176.7158494330943,0.528,8598.0
507,1176.6929612495005,1176.7044053412974,0.819,8604.0
508,1176.6700730659068,1176.6815171577036,0.551,8616.0
509,1176.647184882313,1176.65862897411,0.689,8628.0
510,1176.6357407905161,1176.647184882313,0.532,8634.0
511,1176.6242966987193,1176.6357407905161,0.882,8640.0
512,1176.6128526069224,1176.6242966987193,0.75,8646.0
513,1176.5899644233286,1176.6014085151255,0.506,8658.0
514,1176.5785203315318,1176.5899644233286,0.639,8664.0
515,1176.567076239735,1176.5785203315318,0.544,8670.0
516,1176.555632147938,1176.567076239735,0.749,8676.0
517,1176.5441880561411,1176.555632147938,0.665,8682.0
518,1176.5327439643443,1176.5441880561411,0.737,8688.0
519,1176.5212998725474,1176.5327439643443,0.756,8694.0
520,1176.5098557807505,1176.5212998725474,0.902,8700.0
521,1176.4984116889536,1176.5098557807505,0.558,8706.0
522,1176.4869675971568,1176.4984116889536,0.775,8712.0
523,1176.464079413563,1176.47552350536,0.95,8724.0
524,1176.4297471381724,1176.4411912299693,0.898,8742.0
525,1176.4068589545786,1176.4183030463755,0.794,8754.0
526,1176.383970770985,1176.3954148627818,0.504,8766.0
527,1176.3267503120005,1176.3381944037974,0.599,8796.0
528,1176.3153062202036,1176.3267503120005,0.664,8802.0
529,1176.3038621284068,1176.3153062202036,0.927,8808.0
530,1176.29241803661,1176.3038621284068,0.635,8814.0
531,1176.280973944813,1176.29241803661,0.557,8820.0
532,1176.2695298530161,1176.280973944813,0.87,8826.0
533,1176.1779771186411,1176.189421210438,0.535,8874.0
534,1176.1550889350474,1176.1665330268443,0.502,8886.0
535,1176.1436448432505,1176.1550889350474,0.622,8892.0
536,1176.1322007514536,1176.1436448432505,0.538,8898.0
537,1176.097868476063,1176.10931256786,0.692,8916.0
538,1176.006315741688,1176.017759833485,0.55,8964.0
539,1175.9719834662974,1175.9834275580943,0.734,8982.0
540,1175.9376511909068,1175.9490952827036,0.727,9000.0
541,1175.914763007313,1175.92620709911,0.654,9012.0
542,1175.8804307319224,1175.8918748237193,0.507,9030.0
543,1175.8689866401255,1175.8804307319224,0.66,9036.0
544,1175.8575425483286,1175.8689866401255,0.896,9042.0
545,1175.8460984565318,1175.8575425483286,0.648,9048.0
546,1175.834654364735,1175.8460984565318,0.818,9054.0
547,1175.8117661811411,1175.823210272938,0.617,9066.0
548,1175.8003220893443,1175.8117661811411,0.595,9072.0
549,1175.7888779975474,1175.8003220893443,0.648,9078.0
550,1175.7774339057505,1175.7888779975474,0.598,9084.0
551,1175.7545457221568,1175.7659898139536,0.524,9096.0
552,1175.731657538563,1175.74310163036,0.765,9108.0
553,1175.7202134467661,1175.731657538563,0.503,9114.0
554,1175.6858811713755,1175.6973252631724,0.862,9132.0
555,1175.6629929877818,1175.6744370795786,0.736,9144.0
556,1175.6057725287974,1175.6172166205943,0.773,9174.0
557,1175.55999616161,1175.5714402534068,0.855,9198.0
558,1175.548552069813,1175.55999616161,0.53,9204.0
559,1175.5027757026255,1175.5142197944224,0.518,9228.0
560,1175.4913316108286,1175.5027757026255,0.617,9234.0
561,1175.468443427235,1175.4798875190318,0.813,9246.0
562,1175.4455552436411,1175.456999335438,0.693,9258.0
563,1175.4341111518443,1175.4455552436411,0.546,9264.0
564,1175.4226670600474,1175.4341111518443,0.625,9270.0
565,1175.4112229682505,1175.4226670600474,0.728,9276.0
566,1175.3997788764536,1175.4112229682505,0.63,9282.0
567,1175.37689069286,1175.3883347846568,0.647,9294.0
568,1175.3082261420786,1175.3196702338755,0.723,9330.0
569,1175.273893866688,1175.285337958485,0.532,9348.0
570,1175.2510056830943,1175.2624497748911,0.719,9360.0
571,1175.2281174995005,1175.2395615912974,0.576,9372.0
572,1175.2166734077036,1175.2281174995005,0.642,9378.0
573,1175.2052293159068,1175.2166734077036,0.611,9384.0
574,1175.182341132313,1175.19378522411,0.608,9396.0
575,1175.1708970405161,1175.182341132313,0.832,9402.0
576,1175.1480088569224,1175.1594529487193,0.512,9414.0
577,1175.1365647651255,1175.1480088569224,0.597,9420.0
578,1175.1251206733286,1175.1365647651255,0.628,9426.0
579,1175.1136765815318,1175.1251206733286,0.573,9432.0
580,1175.0793443061411,1175.090788397938,0.87,9450.0
581,1175.0679002143443,1175.0793443061411,0.685,9456.0
582,1175.0564561225474,1175.0679002143443,0.657,9462.0
583,1175.0335679389536,1175.0450120307505,0.588,9474.0
584,1175.01067975536,1175.0221238471568,0.806,9486.0
585,1174.999235663563,1175.01067975536,0.526,9492.0
586,1174.9649033881724,1174.9763474799693,0.726,9510.0
587,1174.9534592963755,1174.9649033881724,0.781,9516.0
588,1174.9420152045786,1174.9534592963755,0.634,9522.0
589,1174.8962388373911,1174.907682929188,0.856,9546.0
590,1174.8847947455943,1174.8962388373911,0.608,9552.0
591,1174.8619065620005,1174.8733506537974,0.566,9564.0
592,1174.8504624702036,1174.8619065620005,0.857,9570.0
593,1174.8390183784068,1174.8504624702036,0.507,9576.0
594,1174.816130194813,1174.82757428661,0.687,9588.0
595,1174.7131333686411,1174.724577460438,0.633,9642.0
596,1174.6788010932505,1174.6902451850474,0.604,9660.0
597,1174.6673570014536,1174.6788010932505,0.613,9666.0
598,1174.6559129096568,1174.6673570014536,0.622,9672.0
599,1174.633024726063,1174.64446881786,0.706,9684.0
600,1174.6101365424693,1174.6215806342661,0.553,9696.0
601,1174.5986924506724,1174.6101365424693,0.841,9702.0
602,1174.5872483588755,1174.5986924506724,0.911,9708.0
603,1174.5643601752818,1174.5758042670786,0.617,9720.0
604,1174.541471991688,1174.552916083485,0.65,9732.0
605,1174.5300278998911,1174.541471991688,0.82,9738.0
606,1174.4842515327036,1174.4956956245005,0.82,9762.0
607,1174.46136334911,1174.4728074409068,0.564,9774.0
608,1174.4384751655161,1174.449919257313,0.585,9786.0
609,1174.4041428901255,1174.4155869819224,0.774,9804.0
610,1174.3926987983286,1174.4041428901255,0.616,9810.0
611,1174.369810614735,1174.3812547065318,0.566,9822.0
612,1174.358366522938,1174.369810614735,0.594,9828.0
613,1174.3469224311411,1174.358366522938,0.731,9834.0
614,1174.3011460639536,1174.3125901557505,0.77,9858.0
615,1174.266813788563,1174.27825788036,0.768,9876.0
616,1174.2324815131724,1174.2439256049693,0.576,9894.0
617,1174.2210374213755,1174.2324815131724,0.663,9900.0
618,1174.1981492377818,1174.2095933295786,0.8,9912.0
619,1174.186705145985,1174.1981492377818,0.67,9918.0
620,1174.1638169623911,1174.175261054188,0.684,9930.0
621,1174.1409287787974,1174.1523728705943,0.916,9942.0
622,1174.1294846870005,1174.1409287787974,0.757,9948.0
623,1174.1180405952036,1174.1294846870005,0.528,9954.0
624,1174.1065965034068,1174.1180405952036,0.796,9960.0
625,1174.0150437690318,1174.0264878608286,0.616,10008.0
626,1174.003599677235,1174.0150437690318,0.53,10014.0
627,1173.9807114936411,1173.992155585438,0.784,10026.0
628,1173.9692674018443,1173.9807114936411,0.646,10032.0
629,1173.9578233100474,1173.9692674018443,0.562,10038.0
630,1173.9234910346568,1173.9349351264536,0.567,10056.0
631,1173.91204694286,1173.9234910346568,0.512,10062.0
632,1173.8891587592661,1173.900602851063,0.694,10074.0
633,1173.8662705756724,1173.8777146674693,0.548,10086.0
634,1173.8548264838755,1173.8662705756724,0.706,10092.0
635,1173.8433823920786,1173.8548264838755,0.667,10098.0
636,1173.8319383002818,1173.8433823920786,0.621,10104.0
637,1173.72894147411,1173.7403855659068,0.666,10158.0
638,1173.637388739735,1173.6488328315318,0.573,10206.0
639,1173.54583600536,1173.5572800971568,0.583,10254.0
640,1173.534391913563,1173.54583600536,0.537,10260.0
641,1173.3970628120005,1173.4085069037974,0.55,10332.0
642,1173.2025132514536,1173.2139573432505,0.749,10434.0
643,1173.1910691596568,1173.2025132514536,0.547,10440.0
644,1172.99651959911,1173.0079636909068,0.547,10542.0
645,1172.9621873237193,1172.9736314155161,0.531,10560.0
646,1172.904966864735,1172.9164109565318,0.775,10590.0
647,1172.8706345893443,1172.8820786811411,0.7,10608.0
648,1172.8363023139536,1172.8477464057505,0.505,10626.0
649,1172.81341413036,1172.8248582221568,0.563,10638.0
650,1172.7447495795786,1172.7561936713755,0.552,10674.0
651,1172.6989732123911,1172.710417304188,0.524,10698.0
652,1172.6646409370005,1172.6760850287974,0.514,10716.0
653,1172.5845322944224,1172.5959763862193,0.528,10758.0
654,1172.527311835438,1172.538755927235,0.755,10788.0
655,1172.4014268256724,1172.4128709174693,0.518,10854.0
656,1172.3899827338755,1172.4014268256724,0.67,10860.0
657,1172.3785386420786,1172.3899827338755,0.527,10866.0
658,1172.3327622748911,1172.344206366688,0.649,10890.0
659,1172.252653632313,1172.26409772411,0.645,10932.0
660,1172.1839890815318,1172.1954331733286,0.594,10968.0
661,1171.9665513373911,1171.977995429188,0.507,11082.0
662,1171.9551072455943,1171.9665513373911,0.714,11088.0
663,1171.9207749702036,1171.9322190620005,0.505,11106.0
664,1171.6804490424693,1171.6918931342661,0.805,11232.0
665,1171.3142381049693,1171.3256821967661,0.677,11424.0
666,1171.3027940131724,1171.3142381049693,0.696,11430.0
667,1171.1311326362193,1171.1425767280161,0.526,11520.0
668,1170.7649216987193,1170.7763657905161,0.535,11712.0
669,1170.238493476063,1170.24993756786,0.571,11988.0
670,1170.2270493842661,1170.238493476063,0.514,11994.0
671,1170.2041612006724,1170.2156052924693,0.553,12006.0
672,1170.1354966498911,1170.146940741688,0.892,12042.0
673,1170.1126084662974,1170.1240525580943,0.653,12054.0
674,1169.963835272938,1169.975279364735,0.612,12132.0
675,1169.6777329780161,1169.689177069813,0.511,12282.0
676,1169.2657456733286,1169.2771897651255,0.78,12498.0
677,1168.8880906440318,1168.8995347358286,0.751,12696.0
678,1160.9458909370005,1160.9573350287974,0.511,16860.0
679,1160.6712327338755,1160.6826768256724,0.577,17004.0
680,1160.3851304389536,1160.3965745307505,0.588,17154.0
681,1159.8815903998911,1159.893034491688,0.567,17418.0
682,1156.2652573920786,1156.2767014838755,0.832,19314.0
683,1155.5442796088755,1155.5557237006724,0.842,19692.0
684,1155.0064072944224,1155.0178513862193,0.678,19974.0
685,1150.4859910346568,1150.4974351264536,0.529,22344.0
686,1150.0625596381724,1150.0740037299693,0.681,22566.0
687,1149.822233710438,1149.833677802235,0.689,22692.0
688,1147.4189744330943,1147.4304185248911,0.531,23952.0
689,1147.2244248725474,1147.2358689643443,0.636,24054.0
690,1144.5922837592661,1144.603727851063,0.51,25434.0
691,1140.22064069286,1140.2320847846568,0.557,27726.0
692,1137.748716864735,1137.7601609565318,0.513,29022.0
693,1192.903517279774,1192.9149613715708,0.512,102.0
694,1192.811964545399,1192.8234086371958,0.552,150.0
695,1188.1999955512583,1188.2114396430552,0.684,2568.0
696,1188.131331000477,1188.142775092274,0.703,2604.0
697,1187.959669623524,1187.9711137153208,0.791,2694.0
698,1187.9367814399302,1187.948225531727,0.727,2706.0
699,1183.5994706489146,1183.6109147407115,0.599,4980.0
700,1182.9013810493052,1182.912825141102,0.708,5346.0
701,1182.5923905707896,1182.6038346625865,0.513,5508.0
702,1182.4779496528208,1182.4893937446177,0.826,5568.0
703,1182.1117387153208,1182.1231828071177,0.518,5760.0
704,1182.0430741645396,1182.0545182563365,0.864,5796.0
705,1182.0201859809458,1182.0316300727427,0.546,5808.0
706,1182.008741889149,1182.0201859809458,0.776,5814.0
707,1181.997297797352,1182.008741889149,0.613,5820.0
708,1181.825636420399,1181.8370805121958,0.715,5910.0
709,1181.7798600532115,1181.7913041450083,0.689,5934.0
710,1181.7684159614146,1181.7798600532115,0.72,5940.0
711,1181.722639594227,1181.734083686024,0.791,5964.0
712,1181.6539750434458,1181.6654191352427,0.588,6000.0
713,1181.5624223090708,1181.5738664008677,0.528,6048.0
714,1181.539534125477,1181.550978217274,0.799,6060.0
715,1181.4823136664927,1181.4937577582896,0.571,6090.0
716,1181.4708695746958,1181.4823136664927,0.692,6096.0
717,1181.3793168403208,1181.3907609321177,0.679,6144.0
718,1181.367872748524,1181.3793168403208,0.868,6150.0
719,1181.2992081977427,1181.3106522895396,0.665,6186.0
720,1181.2877641059458,1181.2992081977427,0.782,6192.0
721,1181.264875922352,1181.276320014149,0.859,6204.0
722,1181.2534318305552,1181.264875922352,0.558,6210.0
723,1181.2190995551646,1181.2305436469615,0.79,6228.0
724,1181.2076554633677,1181.2190995551646,0.809,6234.0
725,1181.1962113715708,1181.2076554633677,0.599,6240.0
726,1181.184767279774,1181.1962113715708,0.613,6246.0
727,1181.173323187977,1181.184767279774,0.626,6252.0
728,1181.1618790961802,1181.173323187977,0.829,6258.0
729,1181.1504350043833,1181.1618790961802,0.928,6264.0
730,1181.1389909125865,1181.1504350043833,0.709,6270.0
731,1180.990217719227,1181.001661811024,0.92,6348.0
732,1180.9558854438365,1180.9673295356333,0.869,6366.0
733,1180.9329972602427,1180.9444413520396,0.574,6378.0
734,1180.9215531684458,1180.9329972602427,0.72,6384.0
735,1180.8872208930552,1180.898664984852,0.781,6402.0
736,1180.8643327094615,1180.8757768012583,0.921,6414.0
737,1180.8528886176646,1180.8643327094615,0.714,6420.0
738,1180.8300004340708,1180.8414445258677,0.767,6432.0
739,1180.807112250477,1180.818556342274,0.564,6444.0
740,1180.7842240668833,1180.7956681586802,0.955,6456.0
741,1180.7613358832896,1180.7727799750865,0.788,6468.0
742,1180.6812272407115,1180.6926713325083,0.961,6510.0
743,1180.6697831489146,1180.6812272407115,0.599,6516.0
744,1180.624006781727,1180.635450873524,0.597,6540.0
745,1180.5667863227427,1180.5782304145396,0.746,6570.0
746,1180.5553422309458,1180.5667863227427,0.675,6576.0
747,1180.4637894965708,1180.4752335883677,0.587,6624.0
748,1180.440901312977,1180.452345404774,0.664,6636.0
749,1180.4180131293833,1180.4294572211802,0.525,6648.0
750,1180.3951249457896,1180.4065690375865,0.923,6660.0
751,1180.360792670399,1180.3722367621958,0.65,6678.0
752,1180.3035722114146,1180.3150163032115,0.51,6708.0
753,1180.2921281196177,1180.3035722114146,0.795,6714.0
754,1180.257795844227,1180.269239936024,0.506,6732.0
755,1180.2234635688365,1180.2349076606333,0.688,6750.0
756,1180.2120194770396,1180.2234635688365,0.531,6756.0
757,1180.1891312934458,1180.2005753852427,0.829,6768.0
758,1180.177687201649,1180.1891312934458,0.78,6774.0
759,1180.074690375477,1180.086134467274,0.659,6828.0
760,1180.0632462836802,1180.074690375477,0.915,6834.0
761,1180.0518021918833,1180.0632462836802,0.508,6840.0
762,1180.0403581000865,1180.0518021918833,0.63,6846.0
763,1180.0174699164927,1180.0289140082896,0.676,6858.0
764,1180.0060258246958,1180.0174699164927,0.696,6864.0
765,1179.9373612739146,1179.9488053657115,0.618,6900.0
766,1179.903028998524,1179.9144730903208,0.962,6918.0
767,1179.891584906727,1179.903028998524,0.518,6924.0
768,1179.8801408149302,1179.891584906727,0.916,6930.0
769,1179.8343644477427,1179.8458085395396,0.89,6954.0
770,1179.8229203559458,1179.8343644477427,0.641,6960.0
771,1179.811476264149,1179.8229203559458,0.529,6966.0
772,1179.800032172352,1179.811476264149,0.933,6972.0
773,1179.7771439887583,1179.7885880805552,0.561,6984.0
774,1179.7656998969615,1179.7771439887583,0.521,6990.0
775,1179.7313676215708,1179.7428117133677,0.728,7008.0
776,1179.719923529774,1179.7313676215708,0.634,7014.0
777,1179.708479437977,1179.719923529774,0.602,7020.0
778,1179.6970353461802,1179.708479437977,0.763,7026.0
779,1179.6855912543833,1179.6970353461802,0.586,7032.0
780,1179.6741471625865,1179.6855912543833,0.513,7038.0
781,1179.6627030707896,1179.6741471625865,0.862,7044.0
782,1179.6512589789927,1179.6627030707896,0.705,7050.0
783,1179.6398148871958,1179.6512589789927,0.56,7056.0
784,1179.628370795399,1179.6398148871958,0.674,7062.0
785,1179.616926703602,1179.628370795399,0.658,7068.0
786,1179.6054826118052,1179.616926703602,0.51,7074.0
787,1179.5711503364146,1179.5825944282115,0.839,7092.0
788,1179.5482621528208,1179.5597062446177,0.602,7104.0
789,1179.536818061024,1179.5482621528208,0.73,7110.0
790,1179.525373969227,1179.536818061024,0.823,7116.0
791,1179.5024857856333,1179.5139298774302,0.662,7128.0
792,1179.4910416938365,1179.5024857856333,0.803,7134.0
793,1179.4795976020396,1179.4910416938365,0.761,7140.0
794,1179.4681535102427,1179.4795976020396,0.859,7146.0
795,1179.4223771430552,1179.433821234852,0.641,7170.0
796,1179.4109330512583,1179.4223771430552,0.952,7176.0
797,1179.3994889594615,1179.4109330512583,0.625,7182.0
798,1179.3880448676646,1179.3994889594615,0.612,7188.0
799,1179.3651566840708,1179.3766007758677,0.744,7200.0
800,1179.3308244086802,1179.342268500477,0.585,7218.0
801,1179.2964921332896,1179.3079362250865,0.772,7236.0
802,1179.2850480414927,1179.2964921332896,0.709,7242.0
803,1179.2392716743052,1179.250715766102,0.696,7266.0
804,1179.2278275825083,1179.2392716743052,0.672,7272.0
805,1179.2163834907115,1179.2278275825083,0.797,7278.0
806,1179.159163031727,1179.170607123524,0.58,7308.0
807,1179.1362748481333,1179.1477189399302,0.595,7320.0
808,1179.1248307563365,1179.1362748481333,0.723,7326.0
809,1179.1133866645396,1179.1248307563365,0.859,7332.0
810,1179.067610297352,1179.079054389149,0.785,7356.0
811,1179.0561662055552,1179.067610297352,0.913,7362.0
812,1179.0332780219615,1179.0447221137583,0.791,7374.0
813,1178.9989457465708,1179.0103898383677,0.931,7392.0
814,1178.976057562977,1178.987501654774,0.937,7404.0
815,1178.9646134711802,1178.976057562977,0.788,7410.0
816,1178.884504828602,1178.895948920399,0.538,7452.0
817,1178.8730607368052,1178.884504828602,0.502,7458.0
818,1178.8616166450083,1178.8730607368052,0.584,7464.0
819,1178.8501725532115,1178.8616166450083,0.939,7470.0
820,1178.8387284614146,1178.8501725532115,0.743,7476.0
821,1178.8158402778208,1178.8272843696177,0.724,7488.0
822,1178.7815080024302,1178.792952094227,0.574,7506.0
823,1178.7700639106333,1178.7815080024302,0.546,7512.0
824,1178.7586198188365,1178.7700639106333,0.528,7518.0
825,1178.7357316352427,1178.7471757270396,0.921,7530.0
826,1178.7242875434458,1178.7357316352427,0.509,7536.0
827,1178.701399359852,1178.712843451649,0.646,7548.0
828,1178.6670670844615,1178.6785111762583,0.932,7566.0
829,1178.6556229926646,1178.6670670844615,0.918,7572.0
830,1178.621290717274,1178.6327348090708,0.916,7590.0
831,1178.609846625477,1178.621290717274,0.578,7596.0
832,1178.5984025336802,1178.609846625477,0.581,7602.0
833,1178.5869584418833,1178.5984025336802,0.599,7608.0
834,1178.5755143500865,1178.5869584418833,0.914,7614.0
835,1178.5526261664927,1178.5640702582896,0.76,7626.0
836,1178.529737982899,1178.5411820746958,0.639,7638.0
837,1178.518293891102,1178.529737982899,0.807,7644.0
838,1178.5068497993052,1178.518293891102,0.972,7650.0
839,1178.4839616157115,1178.4954057075083,0.748,7662.0
840,1178.4725175239146,1178.4839616157115,0.799,7668.0
841,1178.4610734321177,1178.4725175239146,0.846,7674.0
842,1178.438185248524,1178.4496293403208,0.693,7686.0
843,1178.4152970649302,1178.426741156727,0.709,7698.0
844,1178.4038529731333,1178.4152970649302,0.93,7704.0
845,1178.3695206977427,1178.3809647895396,0.91,7722.0
846,1178.3580766059458,1178.3695206977427,0.622,7728.0
847,1178.346632514149,1178.3580766059458,0.678,7734.0
848,1178.3008561469615,1178.3123002387583,0.683,7758.0
849,1178.2894120551646,1178.3008561469615,0.514,7764.0
850,1178.2779679633677,1178.2894120551646,0.688,7770.0
851,1178.243635687977,1178.255079779774,0.898,7788.0
852,1178.2321915961802,1178.243635687977,0.884,7794.0
853,1178.2207475043833,1178.2321915961802,0.551,7800.0
854,1178.2093034125865,1178.2207475043833,0.703,7806.0
855,1178.1864152289927,1178.1978593207896,0.852,7818.0
856,1178.163527045399,1178.1749711371958,0.65,7830.0
857,1178.1406388618052,1178.152082953602,0.861,7842.0
858,1178.1291947700083,1178.1406388618052,0.965,7848.0
859,1178.1177506782115,1178.1291947700083,0.712,7854.0
860,1178.0948624946177,1178.1063065864146,0.802,7866.0
861,1178.0834184028208,1178.0948624946177,0.727,7872.0
862,1178.071974311024,1178.0834184028208,0.548,7878.0
863,1178.060530219227,1178.071974311024,0.655,7884.0
864,1178.0376420356333,1178.0490861274302,0.626,7896.0
865,1178.0261979438365,1178.0376420356333,0.573,7902.0
866,1178.0033097602427,1178.0147538520396,0.803,7914.0
867,1177.9918656684458,1178.0033097602427,0.653,7920.0
868,1177.980421576649,1177.9918656684458,0.732,7926.0
869,1177.9575333930552,1177.968977484852,0.853,7938.0
870,1177.9460893012583,1177.9575333930552,0.816,7944.0
871,1177.9346452094615,1177.9460893012583,0.842,7950.0
872,1177.9232011176646,1177.9346452094615,0.748,7956.0
873,1177.9117570258677,1177.9232011176646,0.785,7962.0
874,1177.9003129340708,1177.9117570258677,0.522,7968.0
875,1177.877424750477,1177.888868842274,0.728,7980.0
876,1177.8430924750865,1177.8545365668833,0.905,7998.0
877,1177.8202042914927,1177.8316483832896,0.642,8010.0
878,1177.8087601996958,1177.8202042914927,0.693,8016.0
879,1177.797316107899,1177.8087601996958,0.959,8022.0
880,1177.785872016102,1177.797316107899,0.547,8028.0
881,1177.7744279243052,1177.785872016102,0.763,8034.0
882,1177.7629838325083,1177.7744279243052,0.64,8040.0
883,1177.7515397407115,1177.7629838325083,0.583,8046.0
884,1177.7172074653208,1177.7286515571177,0.82,8064.0
885,1177.705763373524,1177.7172074653208,0.654,8070.0
886,1177.694319281727,1177.705763373524,0.851,8076.0
887,1177.6828751899302,1177.694319281727,0.781,8082.0
888,1177.6599870063365,1177.6714310981333,0.608,8094.0
889,1177.6485429145396,1177.6599870063365,0.633,8100.0
890,1177.6370988227427,1177.6485429145396,0.917,8106.0
891,1177.614210639149,1177.6256547309458,0.942,8118.0
892,1177.602766547352,1177.614210639149,0.639,8124.0
893,1177.5913224555552,1177.602766547352,0.739,8130.0
894,1177.5798783637583,1177.5913224555552,0.691,8136.0
895,1177.5684342719615,1177.5798783637583,0.975,8142.0
896,1177.5569901801646,1177.5684342719615,0.736,8148.0
897,1177.5455460883677,1177.5569901801646,0.571,8154.0
898,1177.5341019965708,1177.5455460883677,0.824,8160.0
899,1177.522657904774,1177.5341019965708,0.904,8166.0
900,1177.4883256293833,1177.4997697211802,0.82,8184.0
901,1177.4654374457896,1177.4768815375865,0.636,8196.0
902,1177.4425492621958,1177.4539933539927,0.506,8208.0
903,1177.431105170399,1177.4425492621958,0.606,8214.0
904,1177.3967728950083,1177.4082169868052,0.937,8232.0
905,1177.3624406196177,1177.3738847114146,0.713,8250.0
906,1177.3509965278208,1177.3624406196177,0.827,8256.0
907,1177.339552436024,1177.3509965278208,0.503,8262.0
908,1177.328108344227,1177.339552436024,0.602,8268.0
909,1177.2937760688365,1177.3052201606333,0.95,8286.0
910,1177.2823319770396,1177.2937760688365,0.506,8292.0
911,1177.236555609852,1177.247999701649,0.507,8316.0
912,1177.2136674262583,1177.2251115180552,0.939,8328.0
913,1177.1907792426646,1177.2022233344615,0.904,8340.0
914,1177.1678910590708,1177.1793351508677,0.751,8352.0
915,1177.145002875477,1177.156446967274,0.619,8364.0
916,1177.1221146918833,1177.1335587836802,0.831,8376.0
917,1177.1106706000865,1177.1221146918833,0.856,8382.0
918,1177.0992265082896,1177.1106706000865,0.894,8388.0
919,1177.0877824164927,1177.0992265082896,0.644,8394.0
920,1177.064894232899,1177.0763383246958,0.868,8406.0
921,1177.053450141102,1177.064894232899,0.655,8412.0
922,1177.0191178657115,1177.0305619575083,0.625,8430.0
923,1177.0076737739146,1177.0191178657115,0.503,8436.0
924,1176.9962296821177,1177.0076737739146,0.775,8442.0
925,1176.9847855903208,1176.9962296821177,0.603,8448.0
926,1176.961897406727,1176.973341498524,0.873,8460.0
927,1176.9390092231333,1176.9504533149302,0.607,8472.0
928,1176.9275651313365,1176.9390092231333,0.534,8478.0
929,1176.9046769477427,1176.9161210395396,0.8,8490.0
930,1176.881788764149,1176.8932328559458,0.575,8502.0
931,1176.870344672352,1176.881788764149,0.528,8508.0
932,1176.8474564887583,1176.8589005805552,0.61,8520.0
933,1176.8360123969615,1176.8474564887583,0.624,8526.0
934,1176.8131242133677,1176.8245683051646,0.793,8538.0
935,1176.8016801215708,1176.8131242133677,0.863,8544.0
936,1176.790236029774,1176.8016801215708,0.686,8550.0
937,1176.7559037543833,1176.7673478461802,0.979,8568.0
938,1176.7444596625865,1176.7559037543833,0.91,8574.0
939,1176.7330155707896,1176.7444596625865,0.964,8580.0
940,1176.698683295399,1176.7101273871958,0.915,8598.0
941,1176.687239203602,1176.698683295399,0.907,8604.0
942,1176.6757951118052,1176.687239203602,0.518,8610.0
943,1176.6529069282115,1176.6643510200083,0.894,8622.0
944,1176.6414628364146,1176.6529069282115,0.873,8628.0
945,1176.6300187446177,1176.6414628364146,0.593,8634.0
946,1176.6185746528208,1176.6300187446177,0.7,8640.0
947,1176.595686469227,1176.607130561024,0.505,8652.0
948,1176.5727982856333,1176.5842423774302,0.694,8664.0
949,1176.5613541938365,1176.5727982856333,0.689,8670.0
950,1176.5270219184458,1176.5384660102427,0.891,8688.0
951,1176.515577826649,1176.5270219184458,0.568,8694.0
952,1176.504133734852,1176.515577826649,0.88,8700.0
953,1176.4926896430552,1176.504133734852,0.643,8706.0
954,1176.4812455512583,1176.4926896430552,0.83,8712.0
955,1176.3782487250865,1176.3896928168833,0.702,8766.0
956,1176.3668046332896,1176.3782487250865,0.578,8772.0
957,1176.2981400825083,1176.3095841743052,0.865,8808.0
958,1176.2866959907115,1176.2981400825083,0.924,8814.0
959,1176.2638078071177,1176.2752518989146,0.579,8826.0
960,1176.240919623524,1176.2523637153208,0.624,8838.0
961,1176.2065873481333,1176.2180314399302,0.736,8856.0
962,1176.137922797352,1176.149366889149,0.638,8892.0
963,1176.1264787055552,1176.137922797352,0.682,8898.0
964,1175.9891496039927,1176.0005936957896,0.554,8970.0
965,1175.9777055121958,1175.9891496039927,0.53,8976.0
966,1175.9433732368052,1175.954817328602,0.714,8994.0
967,1175.9204850532115,1175.9319291450083,0.67,9006.0
968,1175.8861527778208,1175.8975968696177,0.584,9024.0
969,1175.874708686024,1175.8861527778208,0.815,9030.0
970,1175.863264594227,1175.874708686024,0.526,9036.0
971,1175.8518205024302,1175.863264594227,0.627,9042.0
972,1175.8403764106333,1175.8518205024302,0.559,9048.0
973,1175.8174882270396,1175.8289323188365,0.747,9060.0
974,1175.771711859852,1175.783155951649,0.728,9084.0
975,1175.7488236762583,1175.7602677680552,0.506,9096.0
976,1175.7144914008677,1175.7259354926646,0.786,9114.0
977,1175.680159125477,1175.691603217274,0.526,9132.0
978,1175.6572709418833,1175.6687150336802,0.553,9144.0
979,1175.6114945746958,1175.6229386664927,0.601,9168.0
980,1175.588606391102,1175.600050482899,0.555,9180.0
981,1175.5657182075083,1175.5771622993052,0.672,9192.0
982,1175.5542741157115,1175.5657182075083,0.575,9198.0
983,1175.5428300239146,1175.5542741157115,0.753,9204.0
984,1175.5199418403208,1175.5313859321177,0.575,9216.0
985,1175.497053656727,1175.508497748524,0.875,9228.0
986,1175.4856095649302,1175.497053656727,0.721,9234.0
987,1175.4627213813365,1175.4741654731333,0.535,9246.0
988,1175.4283891059458,1175.4398331977427,0.779,9264.0
989,1175.405500922352,1175.416945014149,0.717,9276.0
990,1175.3940568305552,1175.405500922352,0.697,9282.0
991,1175.3711686469615,1175.3826127387583,0.555,9294.0
992,1175.313948187977,1175.325392279774,0.62,9324.0
993,1175.2910600043833,1175.3025040961802,0.505,9336.0
994,1175.2681718207896,1175.2796159125865,0.631,9348.0
995,1175.2567277289927,1175.2681718207896,0.759,9354.0
996,1175.233839545399,1175.2452836371958,0.595,9366.0
997,1175.222395453602,1175.233839545399,0.692,9372.0
998,1175.1880631782115,1175.1995072700083,0.813,9390.0
999,1175.1766190864146,1175.1880631782115,0.658,9396.0
1000,1175.1537309028208,1175.1651749946177,0.568,9408.0
1001,1175.142286811024,1175.1537309028208,0.603,9414.0
1002,1175.0965104438365,1175.1079545356333,0.581,9438.0
1003,1175.0850663520396,1175.0965104438365,0.769,9444.0
1004,1175.0621781684458,1175.0736222602427,0.573,9456.0
1005,1175.039289984852,1175.050734076649,0.665,9468.0
1006,1175.0278458930552,1175.039289984852,0.811,9474.0
1007,1175.0049577094615,1175.0164018012583,0.758,9486.0
1008,1174.9935136176646,1175.0049577094615,0.855,9492.0
1009,1174.9706254340708,1174.9820695258677,0.573,9504.0
1010,1174.947737250477,1174.959181342274,0.712,9516.0
1011,1174.8905167914927,1174.9019608832896,0.799,9546.0
1012,1174.867628607899,1174.8790726996958,0.627,9558.0
1013,1174.856184516102,1174.867628607899,0.767,9564.0
1014,1174.8218522407115,1174.8332963325083,0.701,9582.0
1015,1174.8104081489146,1174.8218522407115,0.564,9588.0
1016,1174.7989640571177,1174.8104081489146,0.657,9594.0
1017,1174.776075873524,1174.7875199653208,0.732,9606.0
1018,1174.7531876899302,1174.764631781727,0.632,9618.0
1019,1174.7417435981333,1174.7531876899302,0.751,9624.0
1020,1174.7074113227427,1174.7188554145396,0.52,9642.0
1021,1174.6959672309458,1174.7074113227427,0.641,9648.0
1022,1174.6616349555552,1174.673079047352,0.864,9666.0
1023,1174.6501908637583,1174.6616349555552,0.782,9672.0
1024,1174.6387467719615,1174.6501908637583,0.624,9678.0
1025,1174.592970404774,1174.6044144965708,0.728,9702.0
1026,1174.5586381293833,1174.5700822211802,0.737,9720.0
1027,1174.5128617621958,1174.5243058539927,0.767,9744.0
1028,1174.409864936024,1174.4213090278208,0.896,9798.0
1029,1174.3755326606333,1174.3869767524302,0.749,9816.0
1030,1174.3640885688365,1174.3755326606333,0.884,9822.0
1031,1174.3526444770396,1174.3640885688365,0.605,9828.0
1032,1174.3412003852427,1174.3526444770396,0.602,9834.0
1033,1174.3297562934458,1174.3412003852427,0.734,9840.0
1034,1174.318312201649,1174.3297562934458,0.783,9846.0
1035,1174.2954240180552,1174.306868109852,0.73,9858.0
1036,1174.226759467274,1174.2382035590708,0.687,9894.0
1037,1174.1924271918833,1174.2038712836802,0.722,9912.0
1038,1174.1809831000865,1174.1924271918833,0.971,9918.0
1039,1174.1580949164927,1174.1695390082896,0.732,9930.0
1040,1174.1123185493052,1174.123762641102,0.593,9954.0
1041,1174.1008744575083,1174.1123185493052,0.607,9960.0
1042,1174.032209906727,1174.043653998524,0.815,9996.0
1043,1174.0207658149302,1174.032209906727,0.649,10002.0
1044,1173.9749894477427,1173.9864335395396,0.777,10026.0
1045,1173.9635453559458,1173.9749894477427,0.734,10032.0
1046,1173.940657172352,1173.952101264149,0.699,10044.0
1047,1173.9063248969615,1173.9177689887583,0.755,10062.0
1048,1173.8948808051646,1173.9063248969615,0.712,10068.0
1049,1173.8834367133677,1173.8948808051646,0.658,10074.0
1050,1173.8719926215708,1173.8834367133677,0.672,10080.0
1051,1173.860548529774,1173.8719926215708,0.693,10086.0
1052,1173.849104437977,1173.860548529774,0.651,10092.0
1053,1173.8376603461802,1173.849104437977,0.558,10098.0
1054,1173.8033280707896,1173.8147721625865,0.612,10116.0
1055,1173.7461076118052,1173.757551703602,0.508,10146.0
1056,1173.7232194282115,1173.7346635200083,0.769,10158.0
1057,1173.6316666938365,1173.6431107856333,0.861,10206.0
1058,1173.4714494086802,1173.482893500477,0.642,10290.0
1059,1173.4142289496958,1173.4256730414927,0.722,10320.0
1060,1173.3341203071177,1173.3455643989146,0.583,10362.0
1061,1173.1853471137583,1173.1967912055552,0.596,10440.0
1062,1173.1395707465708,1173.1510148383677,0.729,10464.0
1063,1173.0823502875865,1173.0937943793833,0.625,10494.0
1064,1172.933577094227,1172.945021186024,0.674,10572.0
1065,1172.8076920844615,1172.8191361762583,0.725,10638.0
1066,1172.7390275336802,1172.750471625477,0.547,10674.0
1067,1172.6016984321177,1172.6131425239146,0.614,10746.0
1068,1172.578810248524,1172.5902543403208,0.643,10758.0
1069,1172.5330338813365,1172.5444779731333,0.666,10782.0
1070,1172.4414811469615,1172.4529252387583,0.697,10830.0
1071,1172.3384843207896,1172.3499284125865,0.513,10884.0
1072,1172.3270402289927,1172.3384843207896,0.772,10890.0
1073,1172.2812638618052,1172.292707953602,0.591,10914.0
1074,1172.2698197700083,1172.2812638618052,0.52,10920.0
1075,1172.2469315864146,1172.2583756782115,0.788,10932.0
1076,1172.212599311024,1172.2240434028208,0.692,10950.0
1077,1172.1439347602427,1172.1553788520396,0.588,10986.0
1078,1172.0409379340708,1172.0523820258677,0.517,11040.0
1079,1172.029493842274,1172.0409379340708,0.776,11046.0
1080,1171.9722733832896,1171.9837174750865,0.513,11076.0
1081,1171.9608292914927,1171.9722733832896,0.558,11082.0
1082,1171.6747269965708,1171.6861710883677,0.587,11232.0
1083,1171.6175065375865,1171.6289506293833,0.556,11262.0
1084,1171.5145097114146,1171.5259538032115,0.58,11316.0
1085,1171.4572892524302,1171.468733344227,0.575,11346.0
1086,1171.4344010688365,1171.4458451606333,0.647,11358.0
1087,1171.388624701649,1171.4000687934458,0.812,11382.0
1088,1171.3542924262583,1171.3657365180552,0.866,11400.0
1089,1171.1482987739146,1171.1597428657115,0.622,11508.0
1090,1171.0910783149302,1171.102522406727,0.663,11538.0
1091,1171.010969672352,1171.022413764149,0.536,11580.0
1092,1170.9766373969615,1170.9880814887583,0.693,11598.0
1093,1170.8850846625865,1170.8965287543833,0.54,11646.0
1094,1170.7935319282115,1170.8049760200083,0.502,11694.0
1095,1170.5875382758677,1170.5989823676646,0.594,11802.0
1096,1170.564650092274,1170.5760941840708,0.516,11814.0
1097,1170.2442155219615,1170.2556596137583,0.566,11982.0
1098,1170.2327714301646,1170.2442155219615,0.606,11988.0
1099,1170.2213273383677,1170.2327714301646,0.789,11994.0
1100,1170.0839982368052,1170.095442328602,0.787,12066.0
1101,1170.0611100532115,1170.0725541450083,0.858,12078.0
1102,1169.9581132270396,1169.9695573188365,0.645,12132.0
1103,1169.729231391102,1169.740675482899,0.515,12252.0
1104,1169.546125922352,1169.557570014149,0.66,12348.0
1105,1169.3515763618052,1169.363020453602,0.59,12450.0
1106,1169.271467719227,1169.282911811024,0.702,12492.0
1107,1167.7379594184458,1167.7494035102427,0.685,13296.0
1108,1161.3636002875865,1161.3750443793833,0.565,16638.0
1109,1159.8644242621958,1159.8758683539927,0.614,17424.0
1110,1159.4295487739146,1159.4409928657115,0.602,17652.0
1111,1157.2551713325083,1157.2666154243052,0.603,18792.0
1112,1156.8660722114146,1156.8775163032115,0.613,18996.0
1113,1156.4083085395396,1156.4197526313365,0.524,19236.0
1114,1155.9848771430552,1155.996321234852,0.608,19458.0
1115,1155.8017716743052,1155.813215766102,0.662,19554.0
1116,1155.4698930121958,1155.4813371039927,0.759,19728.0
1117,1155.0121293403208,1155.0235734321177,0.726,19968.0
1118,1154.909132514149,1154.9205766059458,0.836,20022.0
1119,1154.3827042914927,1154.3941483832896,0.574,20298.0
1120,1151.9107804633677,1151.9222245551646,0.647,21594.0
1121,1151.3614640571177,1151.3729081489146,0.611,21882.0
1122,1149.6448502875865,1149.6562943793833,0.821,22782.0
1123,1148.6263261176646,1148.6377702094615,0.529,23316.0
1124,1148.4546647407115,1148.4661088325083,0.814,23406.0
1125,1148.4203324653208,1148.4317765571177,0.668,23424.0
1126,1147.9740128852427,1147.9854569770396,0.6,23658.0
1127,1247.8408799506724,1247.8523240424693,0.562,870.0
1128,1247.795103583485,1247.8065476752818,0.797,894.0
1129,1247.7722153998911,1247.783659491688,0.628,906.0
1130,1247.7493272162974,1247.7607713080943,0.645,918.0
1131,1247.7264390327036,1247.7378831245005,0.834,930.0
1132,1247.7149949409068,1247.7264390327036,0.715,936.0
1133,1247.692106757313,1247.70355084911,0.506,948.0
1134,1246.5362534858286,1246.5476975776255,0.619,1554.0
1135,1246.1585984565318,1246.1700425483286,0.534,1752.0
1136,1245.4261765815318,1245.4376206733286,0.793,2136.0
1137,1245.414732489735,1245.4261765815318,0.577,2142.0
1138,1245.0141892768443,1245.0256333686411,0.548,2352.0
1139,1244.4534287787974,1244.4648728705943,0.649,2646.0
1140,1244.3733201362193,1244.3847642280161,0.565,2688.0
1141,1240.19622663036,1240.2076707221568,0.688,4878.0
1142,1239.7613511420786,1239.7727952338755,0.51,5106.0
1143,1238.903044257313,1238.91448834911,0.664,5556.0
1144,1238.7428269721568,1238.7542710639536,0.59,5640.0
1145,1238.3880601264536,1238.3995042182505,0.552,5826.0
1146,1238.170622382313,1238.18206647411,0.682,5940.0
1147,1238.1134019233286,1238.1248460151255,0.654,5970.0
1148,1237.987516913563,1237.99896100536,0.548,6036.0
1149,1237.9531846381724,1237.9646287299693,0.612,6054.0
1150,1237.9188523627818,1237.9302964545786,0.712,6072.0
1151,1237.895964179188,1237.907408270985,0.665,6084.0
1152,1237.8616319037974,1237.8730759955943,0.506,6102.0
1153,1237.4610886909068,1237.4725327827036,0.579,6312.0
1154,1237.0262132026255,1237.0376572944224,0.508,6540.0
1155,1235.698698554188,1235.710142645985,0.528,7236.0
1156,1235.0006089545786,1235.0120530463755,0.606,7602.0
1157,1232.8491196967661,1232.860563788563,0.527,8730.0
1158,1232.0251450873911,1232.036589179188,0.628,9162.0
1159,1228.9466843940318,1228.9581284858286,0.538,10776.0
1160,1228.832243476063,1228.84368756786,0.511,10836.0
1161,1228.2714829780161,1228.282927069813,0.535,11130.0
1162,1228.2257066108286,1228.2371507026255,0.581,11154.0
1163,1228.1570420600474,1228.1684861518443,0.589,11190.0
1164,1228.1455979682505,1228.1570420600474,0.514,11196.0
1165,1228.1341538764536,1228.1455979682505,0.618,11202.0
1166,1228.11126569286,1228.1227097846568,0.549,11214.0
1167,1228.0540452338755,1228.0654893256724,0.51,11244.0
1168,1228.0311570502818,1228.0426011420786,0.745,11256.0
1169,1227.9853806830943,1227.9968247748911,0.519,11280.0
1170,1227.9624924995005,1227.9739365912974,0.698,11292.0
1171,1227.9510484077036,1227.9624924995005,0.585,11298.0
1172,1227.9396043159068,1227.9510484077036,0.706,11304.0
1173,1227.92816022411,1227.9396043159068,0.605,11310.0
1174,1227.916716132313,1227.92816022411,0.656,11316.0
1175,1227.8938279487193,1227.9052720405161,0.606,11328.0
1176,1227.8823838569224,1227.8938279487193,0.579,11334.0
1177,1227.8709397651255,1227.8823838569224,0.547,11340.0
1178,1227.8480515815318,1227.8594956733286,0.605,11352.0
1179,1227.825163397938,1227.836607489735,0.694,11364.0
1180,1227.7679429389536,1227.7793870307505,0.795,11394.0
1181,1227.74505475536,1227.7564988471568,0.506,11406.0
1182,1227.7107224799693,1227.7221665717661,0.536,11424.0
1183,1227.6992783881724,1227.7107224799693,0.781,11430.0
1184,1227.6878342963755,1227.6992783881724,0.656,11436.0
1185,1227.550505194813,1227.56194928661,0.639,11508.0
1186,1227.5047288276255,1227.5161729194224,0.669,11532.0
1187,1227.458952460438,1227.470396552235,0.508,11556.0
1188,1227.4246201850474,1227.4360642768443,0.587,11574.0
1189,1227.4131760932505,1227.4246201850474,0.73,11580.0
1190,1227.3902879096568,1227.4017320014536,0.528,11592.0
1191,1227.3216233588755,1227.3330674506724,0.504,11628.0
1192,1227.3101792670786,1227.3216233588755,0.567,11634.0
1193,1227.287291083485,1227.2987351752818,0.533,11646.0
1194,1227.275846991688,1227.287291083485,0.581,11652.0
1195,1227.2644028998911,1227.275846991688,0.618,11658.0
1196,1227.184294257313,1227.19573834911,0.581,11700.0
1197,1227.1728501655161,1227.184294257313,0.519,11706.0
1198,1227.01263288036,1227.0240769721568,0.64,11790.0
1199,1226.9783006049693,1226.9897446967661,0.517,11808.0
1200,1225.91400006786,1225.9254441596568,0.75,12366.0
1201,1222.606657538563,1222.61810163036,0.508,14100.0
1202,1218.8072190620005,1218.8186631537974,0.512,16092.0
1203,1217.296598944813,1217.30804303661,0.636,16884.0
1204,1212.2497544623911,1212.261198554188,0.733,19530.0
1205,1212.0666489936411,1212.078093085438,0.561,19626.0
1206,1211.3342271186411,1211.345671210438,0.576,20010.0
1207,1211.2998948432505,1211.3113389350474,0.645,20028.0
1208,1211.26556256786,1211.2770066596568,0.582,20046.0
1209,1210.9336839057505,1210.9451279975474,0.574,20220.0
1210,1210.53314069286,1210.5445847846568,0.56,20430.0
1211,1210.5102525092661,1210.521696601063,0.651,20442.0
1212,1210.0982652045786,1210.1097092963755,0.568,20658.0
1213,1209.80071881786,1209.8121629096568,0.86,20814.0
1214,1209.6405015327036,1209.6519456245005,0.528,20898.0
1215,1209.5031724311411,1209.514616522938,0.875,20970.0
1216,1208.7135300971568,1208.7249741889536,0.683,21384.0
1217,1208.6448655463755,1208.6563096381724,0.544,21420.0
1218,1208.610533270985,1208.6219773627818,0.619,21438.0
1219,1208.507536444813,1208.51898053661,0.578,21492.0
1220,1208.4045396186411,1208.415983710438,0.65,21546.0
1221,1208.0955491401255,1208.1069932319224,0.715,21708.0
1222,1207.9009995795786,1207.9124436713755,0.643,21810.0
1223,1207.6148972846568,1207.6263413764536,0.691,21960.0
1224,1206.87103131786,1206.8824754096568,0.525,22350.0
1225,1206.8366990424693,1206.8481431342661,0.539,22368.0
1226,1206.8023667670786,1206.8138108588755,0.556,22386.0
1227,1206.7337022162974,1206.7451463080943,0.534,22422.0
1228,1206.1843858100474,1206.1958299018443,0.653,22710.0
1229,1205.9669480659068,1205.9783921577036,0.57,22824.0
1230,1205.7380662299693,1205.7495103217661,0.558,22944.0
1231,1205.5435166694224,1205.5549607612193,0.707,23046.0
1232,1204.6508775092661,1204.662321601063,0.823,23514.0
1233,1204.5593247748911,1204.570768866688,0.572,23562.0
1234,1204.5249924995005,1204.5364365912974,0.597,23580.0
1235,1204.479216132313,1204.49066022411,0.72,23604.0
1236,1204.4105515815318,1204.4219956733286,0.858,23640.0
1237,1204.2503342963755,1204.2617783881724,0.701,23724.0
1238,1204.2274461127818,1204.2388902045786,0.578,23736.0
1239,1204.1702256537974,1204.1816697455943,0.61,23766.0
1240,1203.9756760932505,1203.9871201850474,0.543,23868.0
1241,1203.6323533393443,1203.6437974311411,0.662,24048.0
1242,1203.5179124213755,1203.5293565131724,0.505,24108.0
1243,1202.6710496284068,1202.6824937202036,0.599,24552.0
1244,1202.65960553661,1202.6710496284068,0.632,24558.0
1245,1202.648161444813,1202.65960553661,0.757,24564.0
1246,1202.6367173530161,1202.648161444813,0.689,24570.0
1247,1202.0645127631724,1202.0759568549693,0.539,24870.0
1248,1201.37786725536,1201.3893113471568,0.666,25230.0
1249,1200.004576239735,1200.0160203315318,0.822,25950.0
1250,1196.6743455268443,1196.6857896186411,0.581,27696.0
1251,1195.9190354682505,1195.9304795600474,0.636,28092.0
1252,1194.96917584911,1194.9806199409068,0.588,28590.0
1253,1194.78607038036,1194.7975144721568,0.638,28686.0
1254,1194.6601853705943,1194.6716294623911,0.755,28752.0
1255,1194.408415351063,1194.41985944286,0.59,28884.0
1256,1247.915266547352,1247.926710639149,0.561,828.0
1257,1247.8008256293833,1247.8122697211802,0.581,888.0
1258,1247.7664933539927,1247.7779374457896,0.507,906.0
1259,1247.743605170399,1247.7550492621958,0.527,918.0
1260,1247.6978288032115,1247.7092728950083,0.624,942.0
1261,1247.6863847114146,1247.6978288032115,0.508,948.0
1262,1245.7523331977427,1245.7637772895396,0.539,1962.0
1263,1245.363234076649,1245.3746781684458,0.547,2166.0
1264,1245.2831254340708,1245.2945695258677,0.538,2208.0
1265,1245.1915726996958,1245.2030167914927,0.541,2256.0
1266,1245.1000199653208,1245.1114640571177,0.703,2304.0
1267,1245.0542435981333,1245.0656876899302,0.645,2328.0
1268,1244.894026312977,1244.905470404774,0.57,2412.0
1269,1244.253157172352,1244.264601264149,0.624,2748.0
1270,1244.2417130805552,1244.253157172352,0.54,2754.0
1271,1244.1272721625865,1244.1387162543833,0.622,2814.0
1272,1244.0128312446177,1244.0242753364146,0.525,2874.0
1273,1243.6809525825083,1243.6923966743052,0.723,3048.0
1274,1240.510939154774,1240.5223832465708,0.698,4710.0
1275,1240.1905045844615,1240.2019486762583,0.926,4878.0
1276,1239.8471818305552,1239.858625922352,0.712,5058.0
1277,1239.5496354438365,1239.5610795356333,0.809,5214.0
1278,1239.492414984852,1239.503859076649,0.617,5244.0
1279,1239.3321976996958,1239.3436417914927,0.669,5328.0
1280,1237.8902421332896,1237.9016862250865,0.552,6084.0
1281,1237.8215775825083,1237.8330216743052,0.68,6120.0
1282,1237.8101334907115,1237.8215775825083,0.536,6126.0
1283,1237.295149359852,1237.306593451649,0.723,6396.0
1284,1237.031935248524,1237.0433793403208,0.547,6534.0
1285,1236.2651810981333,1236.2766251899302,0.547,6936.0
1286,1235.006331000477,1235.017775092274,0.687,7596.0
1287,1228.6663041450083,1228.6777482368052,0.833,10920.0
1288,1228.242872748524,1228.2543168403208,0.655,11142.0
1289,1228.231428656727,1228.242872748524,0.924,11148.0
1290,1228.1970963813365,1228.2085404731333,0.629,11166.0
1291,1228.139875922352,1228.151320014149,0.754,11196.0
1292,1228.1055436469615,1228.1169877387583,0.503,11214.0
1293,1228.0826554633677,1228.0940995551646,0.546,11226.0
1294,1228.059767279774,1228.0712113715708,0.51,11238.0
1295,1228.048323187977,1228.059767279774,0.629,11244.0
1296,1228.0368790961802,1228.048323187977,0.566,11250.0
1297,1227.9911027289927,1228.0025468207896,0.872,11274.0
1298,1227.968214545399,1227.9796586371958,0.606,11286.0
1299,1227.9224381782115,1227.9338822700083,0.663,11310.0
1300,1227.8881059028208,1227.8995499946177,0.56,11328.0
1301,1227.876661811024,1227.8881059028208,0.514,11334.0
1302,1227.865217719227,1227.876661811024,0.521,11340.0
1303,1227.8308854438365,1227.8423295356333,0.579,11358.0
1304,1227.8194413520396,1227.8308854438365,0.538,11364.0
1305,1227.773664984852,1227.785109076649,0.523,11388.0
1306,1227.7622208930552,1227.773664984852,0.798,11394.0
1307,1227.7164445258677,1227.7278886176646,0.636,11418.0
1308,1227.7050004340708,1227.7164445258677,0.614,11424.0
1309,1227.693556342274,1227.7050004340708,0.575,11430.0
1310,1227.510450873524,1227.5218949653208,0.8,11526.0
1311,1227.4875626899302,1227.499006781727,0.609,11538.0
1312,1227.4761185981333,1227.4875626899302,0.698,11544.0
1313,1227.4532304145396,1227.4646745063365,0.549,11556.0
1314,1227.4303422309458,1227.4417863227427,0.563,11568.0
1315,1227.418898139149,1227.4303422309458,0.82,11574.0
1316,1227.2930131293833,1227.3044572211802,0.761,11640.0
1317,1227.2586808539927,1227.2701249457896,0.501,11658.0
1318,1227.2472367621958,1227.2586808539927,0.51,11664.0
1319,1227.1556840278208,1227.1671281196177,0.598,11712.0
1320,1227.0984635688365,1227.1099076606333,0.519,11742.0
1321,1227.0641312934458,1227.0755753852427,0.571,11760.0
1322,1227.052687201649,1227.0641312934458,0.556,11766.0
1323,1227.0183549262583,1227.0297990180552,0.639,11784.0
1324,1226.3545976020396,1226.3660416938365,0.618,12132.0
1325,1223.836897406727,1223.848341498524,0.573,13452.0
1326,1220.1175675727427,1220.1290116645396,0.504,15402.0
1327,1219.9344621039927,1219.9459061957896,0.537,15498.0
1328,1218.7328324653208,1218.7442765571177,0.639,16128.0
1329,1212.5644669868052,1212.575911078602,0.576,19362.0
1330,1212.2554765082896,1212.2669206000865,0.527,19524.0
1331,1211.294172797352,1211.305616889149,0.54,20028.0
1332,1210.7791886664927,1210.7906327582896,0.714,20298.0
1333,1210.6075272895396,1210.6189713813365,0.707,20388.0
1334,1210.561750922352,1210.573195014149,0.67,20412.0
1335,1210.5045304633677,1210.5159745551646,0.581,20442.0
1336,1210.195539984852,1210.206984076649,0.842,20604.0
1337,1210.0925431586802,1210.103987250477,0.594,20658.0
1338,1210.0467667914927,1210.0582108832896,0.632,20682.0
1339,1210.023878607899,1210.0353226996958,0.674,20694.0
1340,1209.7148881293833,1209.7263322211802,0.847,20856.0
1341,1209.291456732899,1209.3029008246958,0.602,21078.0
1342,1208.913801703602,1208.925245795399,0.66,21276.0
1343,1208.6963639594615,1208.7078080512583,0.582,21390.0
1344,1208.6620316840708,1208.6734757758677,0.676,21408.0
1345,1208.559034857899,1208.5704789496958,0.843,21462.0
1346,1208.3873734809458,1208.3988175727427,0.513,21552.0
1347,1208.1699357368052,1208.181379828602,0.585,21666.0
1348,1207.8723893500865,1207.8838334418833,0.659,21822.0
1349,1207.632063422352,1207.643507514149,0.68,21948.0
1350,1207.3802934028208,1207.3917374946177,0.835,22080.0
1351,1207.0598588325083,1207.0713029243052,0.693,22248.0
1352,1206.991194281727,1207.002638373524,0.612,22284.0
1353,1206.911085639149,1206.9225297309458,0.566,22326.0
1354,1206.8424210883677,1206.8538651801646,0.539,22362.0
1355,1206.6135392524302,1206.624983344227,0.563,22482.0
1356,1205.9154496528208,1205.9268937446177,0.623,22848.0
1357,1205.5149064399302,1205.526350531727,0.546,23058.0
1358,1205.434797797352,1205.446241889149,0.802,23100.0
1359,1205.3089127875865,1205.3203568793833,0.578,23166.0
1360,1204.702375922352,1204.713820014149,0.533,23484.0
1361,1204.610823187977,1204.622267279774,0.54,23532.0
1362,1204.347609076649,1204.3590531684458,0.623,23670.0
1363,1204.2903886176646,1204.3018327094615,0.675,23700.0
1364,1204.0042863227427,1204.0157304145396,0.691,23850.0
1365,1203.9585099555552,1203.969954047352,0.608,23874.0
1366,1203.878401312977,1203.889845404774,0.563,23916.0
1367,1203.7525163032115,1203.7639603950083,0.623,23982.0
1368,1202.7225480414927,1202.7339921332896,0.742,24522.0
1369,1202.699659857899,1202.7111039496958,0.527,24534.0
1370,1202.138899359852,1202.150343451649,0.509,24828.0
1371,1201.8985734321177,1201.9100175239146,0.641,24954.0
1372,1201.8527970649302,1201.864241156727,0.603,24978.0
1373,1201.8070206977427,1201.8184647895396,0.678,25002.0
1374,1200.2849564887583,1200.2964005805552,0.511,25800.0
1375,1200.0102982856333,1200.0217423774302,0.635,25944.0
1376,1199.5525346137583,1199.5639787055552,0.602,26184.0
1377,1196.5084061957896,1196.5198502875865,0.55,27780.0
1378,1196.016310248524,1196.0277543403208,0.599,28038.0
1379,1195.3983292914927,1195.4097733832896,0.542,28362.0
1380,1195.0435624457896,1195.0550065375865,0.579,28548.0
1381,1194.917677436024,1194.9291215278208,0.765,28614.0
1382,1193.9792619086802,1193.990706000477,0.548,29106.0
1383,1305.8967576362193,1305.9082017280161,0.524,0.0
1384,1305.8738694526255,1305.8853135444224,0.696,12.0
1385,1305.8166489936411,1305.828093085438,0.567,42.0
1386,1305.290220770985,1305.3016648627818,0.515,318.0
1387,1305.0498948432505,1305.0613389350474,0.628,444.0
1388,1303.9741502143443,1303.9855943061411,0.525,1008.0
1389,1302.9441819526255,1302.9556260444224,0.692,1548.0
1390,1302.81829694286,1302.8297410346568,0.509,1614.0
1391,1299.3049607612193,1299.3164048530161,0.779,3456.0
1392,1299.2706284858286,1299.2820725776255,0.838,3474.0
1393,1299.2591843940318,1299.2706284858286,0.856,3480.0
1394,1299.1905198432505,1299.2019639350474,0.688,3516.0
1395,1299.0875230170786,1299.0989671088755,0.892,3570.0
1396,1299.0074143745005,1299.0188584662974,0.68,3612.0
1397,1298.9501939155161,1298.961638007313,0.866,3642.0
1398,1298.9044175483286,1298.9158616401255,0.604,3666.0
1399,1298.881529364735,1298.8929734565318,0.928,3678.0
1400,1298.78997663036,1298.8014207221568,0.841,3726.0
1401,1298.686979804188,1298.698423895985,0.91,3780.0
1402,1298.4809861518443,1298.4924302436411,0.86,3888.0
1403,1298.0003342963755,1298.0117783881724,0.648,4140.0
1404,1297.3937974311411,1297.405241522938,0.904,4458.0
1405,1297.1191392280161,1297.130583319813,0.652,4602.0
1406,1297.0619187690318,1297.0733628608286,0.833,4632.0
1407,1296.8788133002818,1296.8902573920786,0.814,4728.0
1408,1296.7414841987193,1296.7529282905161,0.618,4800.0
1409,1296.489714179188,1296.501158270985,0.862,4932.0
1410,1295.0935349799693,1295.1049790717661,0.599,5664.0
1411,1294.8646531440318,1294.8760972358286,0.636,5784.0
1412,1293.47991803661,1293.4913621284068,0.885,6510.0
1413,1293.3425889350474,1293.3540330268443,0.51,6582.0
1414,1293.010710272938,1293.022154364735,0.602,6756.0
1415,1292.1409592963755,1292.1524033881724,0.725,7212.0
1416,1291.9578538276255,1291.9692979194224,0.531,7308.0
1417,1291.9349656440318,1291.9464097358286,0.556,7320.0
1418,1291.0423264838755,1291.0537705756724,0.72,7788.0
1419,1290.9393296577036,1290.9507737495005,0.749,7842.0
1420,1290.7447800971568,1290.7562241889536,0.734,7944.0
1421,1287.5404343940318,1287.5518784858286,0.584,9624.0
1422,1287.2886643745005,1287.3001084662974,0.518,9756.0
1423,1287.059782538563,1287.07122663036,0.719,9876.0
1424,1286.064146552235,1286.0755906440318,0.632,10398.0
1425,1285.9954820014536,1286.0069260932505,0.749,10434.0
1426,1284.9998460151255,1285.0112901069224,0.537,10956.0
1427,1284.8396287299693,1284.8510728217661,0.631,11040.0
1428,1284.7137437202036,1284.7251878120005,0.671,11106.0
1429,1283.855436835438,1283.866880927235,0.655,11556.0
1430,1281.6810593940318,1281.6925034858286,0.509,12696.0
1431,1281.6009507514536,1281.6123948432505,0.507,12738.0
1432,1281.5322862006724,1281.5437302924693,0.542,12774.0
1433,1281.4407334662974,1281.4521775580943,0.614,12822.0
1434,1281.4178452827036,1281.4292893745005,0.566,12834.0
1435,1281.3262925483286,1281.3377366401255,0.526,12882.0
1436,1281.2461839057505,1281.2576279975474,0.606,12924.0
1437,1281.0401902534068,1281.0516343452036,0.542,13032.0
1438,1280.7769761420786,1280.7884202338755,0.518,13170.0
1439,1280.5137620307505,1280.5252061225474,0.598,13308.0
1440,1280.3421006537974,1280.3535447455943,0.582,13398.0
1441,1280.2162156440318,1280.2276597358286,0.584,13464.0
1442,1280.1361070014536,1280.1475510932505,0.538,13506.0
1443,1280.11321881786,1280.1246629096568,0.614,13518.0
1444,1280.0674424506724,1280.0788865424693,0.513,13542.0
1445,1279.8843369819224,1279.8957810737193,0.531,13638.0
1446,1279.8728928901255,1279.8843369819224,0.687,13644.0
1447,1279.735563788563,1279.74700788036,0.626,13716.0
1448,1279.6783433295786,1279.6897874213755,0.693,13746.0
1449,1279.6668992377818,1279.6783433295786,0.658,13752.0
1450,1279.6211228705943,1279.6325669623911,0.673,13776.0
1451,1279.5867905952036,1279.5982346870005,0.575,13794.0
1452,1279.5181260444224,1279.5295701362193,0.537,13830.0
1453,1279.4952378608286,1279.5066819526255,0.552,13842.0
1454,1279.460905585438,1279.472349677235,0.599,13860.0
1455,1279.4494614936411,1279.460905585438,0.526,13866.0
1456,1279.2434678412974,1279.2549119330943,0.615,13974.0
1457,1279.2091355659068,1279.2205796577036,0.541,13992.0
1458,1279.1748032905161,1279.186247382313,0.66,14010.0
1459,1279.0832505561411,1279.094694647938,0.611,14058.0
1460,1278.9802537299693,1278.9916978217661,0.602,14112.0
1461,1278.911589179188,1278.923033270985,0.59,14148.0
1462,1275.798796210438,1275.810240302235,0.823,15780.0
1463,1275.7873521186411,1275.798796210438,0.764,15786.0
1464,1275.615690741688,1275.627134833485,0.564,15876.0
1465,1275.5928025580943,1275.6042466498911,0.892,15888.0
1466,1275.524138007313,1275.53558209911,0.827,15924.0
1467,1275.2265916205943,1275.2380357123911,0.539,16080.0
1468,1275.0549302436411,1275.066374335438,0.541,16170.0
1469,1274.8489365912974,1274.8603806830943,0.705,16278.0
1470,1274.8374924995005,1274.8489365912974,0.56,16284.0
1471,1274.700163397938,1274.711607489735,0.679,16356.0
1472,1274.4140611030161,1274.425505194813,0.751,16506.0
1473,1274.2767320014536,1274.2881760932505,0.782,16578.0
1474,1274.1851792670786,1274.1966233588755,0.741,16626.0
1475,1274.0135178901255,1274.0249619819224,0.547,16716.0
1476,1273.9906297065318,1274.0020737983286,0.506,16728.0
1477,1273.8533006049693,1273.8647446967661,0.667,16800.0
1478,1273.8075242377818,1273.8189683295786,0.764,16824.0
1479,1273.612974677235,1273.6244187690318,0.635,16926.0
1480,1273.5786424018443,1273.5900864936411,0.78,16944.0
1481,1273.5328660346568,1273.5443101264536,0.579,16968.0
1482,1273.326872382313,1273.33831647411,0.797,17076.0
1483,1273.052214179188,1273.063658270985,0.781,17220.0
1484,1273.0407700873911,1273.052214179188,0.834,17226.0
1485,1272.97210553661,1272.9835496284068,0.825,17262.0
1486,1272.8919968940318,1272.9034409858286,0.785,17304.0
1487,1272.78900006786,1272.8004441596568,0.761,17358.0
1488,1272.7317796088755,1272.7432237006724,0.772,17388.0
1489,1271.129606757313,1271.14105084911,0.793,18228.0
1490,1270.580290351063,1270.59173444286,0.73,18516.0
1491,1270.2827439643443,1270.2941880561411,0.857,18672.0
1492,1267.29583600536,1267.3072800971568,0.505,20238.0
1493,1261.344908270985,1261.3563523627818,0.583,23358.0
1494,1260.7727036811411,1260.784147772938,0.583,23658.0
1495,1260.2577195502818,1260.2691636420786,0.572,23928.0
1496,1258.4609971381724,1258.4724412299693,0.605,24870.0
1497,1258.3923325873911,1258.403776679188,0.687,24906.0
1498,1258.3694444037974,1258.3808884955943,0.826,24918.0
1499,1257.7285752631724,1257.7400193549693,0.558,25254.0
1500,1255.8174119330943,1255.8288560248911,0.731,26256.0
1501,1255.76019147411,1255.7716355659068,0.506,26286.0
1502,1252.361296210438,1252.372740302235,0.601,28068.0
1503,1252.3498521186411,1252.361296210438,0.592,28074.0
1504,1252.086638007313,1252.09808209911,0.645,28212.0
1505,1251.9836411811411,1251.995085272938,0.509,28266.0
1506,1251.9493089057505,1251.9607529975474,0.511,28284.0
1507,1251.9264207221568,1251.9378648139536,0.597,28296.0
1508,1251.5602097846568,1251.5716538764536,0.534,28488.0
1509,1251.537321601063,1251.54876569286,0.513,28500.0
1510,1251.457212958485,1251.4686570502818,0.651,28542.0
1511,1251.2855515815318,1251.2969956733286,0.63,28632.0
1512,1251.274107489735,1251.2855515815318,0.551,28638.0
1513,1251.1253342963755,1251.1367783881724,0.571,28716.0
1514,1251.1024461127818,1251.1138902045786,0.505,28728.0
1515,1250.988005194813,1250.99944928661,0.57,28788.0
1516,1250.9536729194224,1250.9651170112193,0.654,28806.0
1517,1250.7476792670786,1250.7591233588755,0.659,28914.0
1518,1250.5645737983286,1250.5760178901255,0.631,29010.0
1519,1250.4844651557505,1250.4959092475474,0.6,29052.0
1520,1250.2441392280161,1250.255583319813,0.521,29178.0
1521,1250.1869187690318,1250.1983628608286,0.598,29208.0
1522,1250.072477851063,1250.08392194286,0.716,29268.0
1523,1250.0152573920786,1250.0267014838755,0.53,29298.0
1524,1249.7405991889536,1249.7520432807505,0.7,29442.0
1525,1249.6833787299693,1249.6948228217661,0.544,29472.0
1526,1249.5803819037974,1249.5918259955943,0.62,29526.0
1527,1305.8910355903208,1305.9024796821177,0.544,0.0
1528,1305.8567033149302,1305.868147406727,0.504,18.0
1529,1305.7079301215708,1305.7193742133677,0.675,96.0
1530,1305.055616889149,1305.0670609809458,0.557,438.0
1531,1303.1444535590708,1303.1558976508677,0.567,1440.0
1532,1303.041456732899,1303.0529008246958,0.757,1494.0
1533,1303.030012641102,1303.041456732899,0.535,1500.0
1534,1302.9956803657115,1303.0071244575083,0.576,1518.0
1535,1302.949903998524,1302.9613480903208,0.576,1542.0
1536,1302.9041276313365,1302.9155717231333,0.578,1566.0
1537,1299.276350531727,1299.287794623524,0.778,3468.0
1538,1299.2534623481333,1299.2649064399302,0.656,3480.0
1539,1299.196241889149,1299.2076859809458,0.688,3510.0
1540,1299.1733537055552,1299.184797797352,0.788,3522.0
1541,1299.093245062977,1299.104689154774,0.804,3564.0
1542,1299.0474686957896,1299.0589127875865,0.571,3588.0
1543,1299.013136420399,1299.0245805121958,0.637,3606.0
1544,1299.001692328602,1299.013136420399,0.793,3612.0
1545,1298.8986955024302,1298.910139594227,0.523,3666.0
1546,1298.8872514106333,1298.8986955024302,0.924,3672.0
1547,1298.7956986762583,1298.8071427680552,0.818,3720.0
1548,1298.2234940864146,1298.2349381782115,0.866,4020.0
1549,1297.9373917914927,1297.9488358832896,0.505,4170.0
1550,1297.3880753852427,1297.3995194770396,0.881,4458.0
1551,1297.0676408149302,1297.079084906727,0.899,4626.0
1552,1296.8845353461802,1296.895979437977,0.892,4722.0
1553,1296.6785416938365,1296.6899857856333,0.82,4830.0
1554,1296.4954362250865,1296.5068803168833,0.585,4926.0
1555,1293.4741959907115,1293.4856400825083,0.905,6510.0
1556,1291.8148026801646,1291.8262467719615,0.625,7380.0
1557,1291.6545853950083,1291.6660294868052,0.541,7464.0
1558,1291.3684831000865,1291.3799271918833,0.568,7614.0
1559,1291.3341508246958,1291.3455949164927,0.712,7632.0
1560,1290.8191666938365,1290.8306107856333,0.659,7902.0
1561,1288.106916937977,1288.118361029774,0.512,9324.0
1562,1287.099836859852,1287.111280951649,0.57,9852.0
1563,1285.9897599555552,1286.001204047352,0.652,10434.0
1564,1285.7723222114146,1285.7837663032115,0.513,10548.0
1565,1285.6693253852427,1285.6807694770396,0.655,10602.0
1566,1285.5663285590708,1285.5777726508677,0.721,10656.0
1567,1284.7537980414927,1284.7652421332896,0.714,11082.0
1568,1282.796858344227,1282.808302436024,0.544,12108.0
1569,1281.7325578071177,1281.7440018989146,0.532,12666.0
1570,1281.6753373481333,1281.6867814399302,0.636,12696.0
1571,1281.6524491645396,1281.6638932563365,0.57,12708.0
1572,1281.5723405219615,1281.5837846137583,0.593,12750.0
1573,1281.4693436957896,1281.4807877875865,0.539,12804.0
1574,1281.3549027778208,1281.3663468696177,0.666,12864.0
1575,1281.0916886664927,1281.1031327582896,0.51,13002.0
1576,1280.6453690864146,1280.6568131782115,0.522,13236.0
1577,1280.5652604438365,1280.5767045356333,0.577,13278.0
1578,1280.5423722602427,1280.5538163520396,0.874,13290.0
1579,1280.519484076649,1280.5309281684458,0.517,13302.0
1580,1279.8900590278208,1279.9015031196177,0.522,13632.0
1581,1279.7641740180552,1279.775618109852,0.711,13698.0
1582,1279.7298417426646,1279.7412858344615,0.714,13716.0
1583,1279.684065375477,1279.695509467274,0.587,13740.0
1584,1279.6497331000865,1279.6611771918833,0.616,13758.0
1585,1279.6268449164927,1279.6382890082896,0.629,13770.0
1586,1279.6154008246958,1279.6268449164927,0.579,13776.0
1587,1279.512403998524,1279.5238480903208,0.658,13830.0
1588,1279.420851264149,1279.4322953559458,0.567,13878.0
1589,1279.3865189887583,1279.3979630805552,0.517,13896.0
1590,1279.237745795399,1279.2491898871958,0.645,13974.0
1591,1275.838850531727,1275.850294623524,0.524,15756.0
1592,1275.8045182563365,1275.8159623481333,0.87,15774.0
1593,1275.7930741645396,1275.8045182563365,0.729,15780.0
1594,1275.7816300727427,1275.7930741645396,0.879,15786.0
1595,1275.655745062977,1275.667189154774,0.523,15852.0
1596,1275.5527482368052,1275.564192328602,0.858,15906.0
1597,1275.5413041450083,1275.5527482368052,0.549,15912.0
1598,1275.392530951649,1275.4039750434458,0.581,15990.0
1599,1274.934767279774,1274.9462113715708,0.764,16230.0
1600,1274.9004350043833,1274.9118790961802,0.709,16248.0
1601,1274.843214545399,1274.8546586371958,0.554,16278.0
1602,1274.4426713325083,1274.4541154243052,0.612,16488.0
1603,1274.4197831489146,1274.4312272407115,0.738,16500.0
1604,1274.2481217719615,1274.2595658637583,0.589,16590.0
1605,1274.190901312977,1274.202345404774,0.766,16620.0
1606,1274.0650163032115,1274.0764603950083,0.504,16686.0
1607,1274.0421281196177,1274.0535722114146,0.604,16698.0
1608,1273.8704667426646,1273.8819108344615,0.916,16788.0
1609,1273.8475785590708,1273.8590226508677,0.84,16800.0
1610,1273.8132462836802,1273.824690375477,0.797,16818.0
1611,1273.5729203559458,1273.5843644477427,0.861,16944.0
1612,1273.3554826118052,1273.366926703602,0.786,17058.0
1613,1273.195265326649,1273.2067094184458,0.501,17142.0
1614,1273.092268500477,1273.103712592274,0.77,17196.0
1615,1273.000715766102,1273.012159857899,0.762,17244.0
1616,1272.6573930121958,1272.6688371039927,0.805,17424.0
1617,1272.462843451649,1272.4742875434458,0.662,17526.0
1618,1270.9751115180552,1270.986555609852,0.644,18306.0
1619,1270.1282487250865,1270.1396928168833,0.728,18750.0
1620,1268.2628617621958,1268.2743058539927,0.533,19728.0
1621,1267.4617753364146,1267.4732194282115,0.569,20148.0
1622,1262.6895890571177,1262.7010331489146,0.522,22650.0
1623,1261.1789689399302,1261.190413031727,0.543,23442.0
1624,1260.8814225532115,1260.8928666450083,0.608,23598.0
1625,1259.8857865668833,1259.8972306586802,0.615,24120.0
1626,1259.4737992621958,1259.4852433539927,0.687,24336.0
1627,1255.4454789496958,1255.4569230414927,0.643,26448.0
1628,1252.4242387153208,1252.4356828071177,0.673,28032.0
1629,1252.3670182563365,1252.3784623481333,0.686,28062.0
1630,1252.2640214301646,1252.2754655219615,0.662,28116.0
1631,1251.8978104926646,1251.9092545844615,0.606,28308.0
1632,1251.7032609321177,1251.7147050239146,0.638,28410.0
1633,1251.6002641059458,1251.6117081977427,0.556,28464.0
1634,1251.4629350043833,1251.4743790961802,0.604,28536.0
1635,1251.4400468207896,1251.4514909125865,0.684,28548.0
1636,1251.4286027289927,1251.4400468207896,0.516,28554.0
1637,1251.2798295356333,1251.2912736274302,0.684,28632.0
1638,1251.2340531684458,1251.2454972602427,0.642,28656.0
1639,1251.119612250477,1251.131056342274,0.659,28716.0
1640,1250.9593949653208,1250.9708390571177,0.654,28800.0
1641,1250.7305131293833,1250.7419572211802,0.508,28920.0
1642,1250.3757462836802,1250.387190375477,0.517,29106.0
1643,1250.0553117133677,1250.0667558051646,0.503,29274.0
1644,1249.8264298774302,1249.837873969227,0.618,29394.0
1645,1249.7348771430552,1249.746321234852,0.563,29442.0
1646,1249.7119889594615,1249.7234330512583,0.509,29454.0
1647,1249.6891007758677,1249.7005448676646,0.621,29466.0
1648,1249.654768500477,1249.666212592274,0.718,29484.0
1649,1249.6318803168833,1249.6433244086802,0.678,29496.0
1650,1359.9243150092661,1359.935759101063,0.703,1242.0
1651,1359.5123277045786,1359.5237717963755,0.514,1458.0
1652,1359.4665513373911,1359.477995429188,0.585,1482.0
1653,1359.111784491688,1359.123228583485,0.526,1668.0
1654,1359.03167584911,1359.0431199409068,0.676,1710.0
1655,1351.799009833485,1351.8104539252818,0.635,5502.0
1656,1351.512907538563,1351.52435163036,0.729,5652.0
1657,1351.0322556830943,1351.0436997748911,0.678,5904.0
1658,1348.2398972846568,1348.2513413764536,0.683,7368.0
1659,1347.4731431342661,1347.484587226063,0.598,7770.0
1660,1347.3472581245005,1347.3587022162974,0.627,7836.0
1661,1346.9581590034068,1346.9696030952036,0.572,8040.0
1662,1346.8322739936411,1346.843718085438,0.544,8106.0
1663,1346.5919480659068,1346.6033921577036,0.706,8232.0
1664,1345.9510789252818,1345.9625230170786,0.704,8568.0
1665,1345.6764207221568,1345.6878648139536,0.677,8712.0
1666,1343.4219346381724,1343.4333787299693,0.523,9894.0
1667,1343.3990464545786,1343.4104905463755,0.563,9906.0
1668,1343.1129441596568,1343.1243882514536,0.562,10056.0
1669,1343.10150006786,1343.1129441596568,0.657,10062.0
1670,1337.1162400580943,1337.1276841498911,0.633,13200.0
1671,1336.7500291205943,1336.7614732123911,0.527,13392.0
1672,1335.9031663276255,1335.9146104194224,0.55,13836.0
1673,1335.7887254096568,1335.8001695014536,0.793,13896.0
1674,1335.6285081245005,1335.6399522162974,0.789,13980.0
1675,1335.4454026557505,1335.4568467475474,0.642,14076.0
1676,1334.8846421577036,1334.8960862495005,0.575,14370.0
1677,1330.7876572944224,1330.7991013862193,0.586,16518.0
1678,1330.4443345405161,1330.455778632313,0.676,16698.0
1679,1326.519011054188,1326.530455145985,0.534,18756.0
1680,1325.6378159858286,1325.6492600776255,0.52,19218.0
1681,1319.9844346381724,1319.9958787299693,0.586,22182.0
1682,1318.6340318061411,1318.645475897938,0.503,22890.0
1683,1313.793180976063,1313.80462506786,0.544,25428.0
1684,1310.8863816596568,1310.8978257514536,0.629,26952.0
1685,1308.7234483100474,1308.7348924018443,0.525,28086.0
1686,1308.5288987495005,1308.5403428412974,0.585,28188.0
1687,1308.2771287299693,1308.2885728217661,0.553,28320.0
1688,1308.2313523627818,1308.2427964545786,0.53,28344.0
1689,1308.0482468940318,1308.0596909858286,0.741,28440.0
1690,1308.036802802235,1308.0482468940318,0.762,28446.0
1691,1308.0139146186411,1308.025358710438,0.577,28458.0
1692,1308.0024705268443,1308.0139146186411,0.555,28464.0
1693,1307.9566941596568,1307.9681382514536,0.662,28488.0
1694,1307.933805976063,1307.94525006786,0.663,28500.0
1695,1307.9109177924693,1307.9223618842661,0.897,28512.0
1696,1307.8994737006724,1307.9109177924693,0.967,28518.0
1697,1307.8765855170786,1307.8880296088755,0.625,28530.0
1698,1307.8308091498911,1307.842253241688,0.775,28554.0
1699,1307.7850327827036,1307.7964768745005,0.534,28578.0
1700,1307.7278123237193,1307.7392564155161,0.601,28608.0
1701,1307.7049241401255,1307.7163682319224,0.566,28620.0
1702,1307.6934800483286,1307.7049241401255,0.642,28626.0
1703,1307.659147772938,1307.670591864735,0.621,28644.0
1704,1307.5103745795786,1307.5218186713755,0.698,28722.0
1705,1307.4989304877818,1307.5103745795786,0.507,28728.0
1706,1307.4188218452036,1307.4302659370005,0.513,28770.0
1707,1307.3730454780161,1307.384489569813,0.612,28794.0
1708,1307.3387132026255,1307.3501572944224,0.639,28812.0
1709,1307.2814927436411,1307.292936835438,0.738,28842.0
1710,1307.2242722846568,1307.2357163764536,0.597,28872.0
1711,1307.201384101063,1307.21282819286,0.603,28884.0
1712,1307.121275458485,1307.1327195502818,0.502,28926.0
1713,1306.938169989735,1306.9496140815318,0.782,29022.0
1714,1306.468962226063,1306.48040631786,0.8,29268.0
1715,1306.4117417670786,1306.4231858588755,0.591,29298.0
1716,1306.3316331245005,1306.3430772162974,0.947,29340.0
1717,1306.2171922065318,1306.2286362983286,0.635,29400.0
1718,1306.11419538036,1306.1256394721568,0.787,29454.0
1719,1306.0569749213755,1306.0684190131724,0.708,29484.0
1720,1360.5937943793833,1360.6052384711802,0.543,888.0
1721,1360.2962479926646,1360.3076920844615,0.708,1044.0
1722,1360.250471625477,1360.261915717274,0.742,1068.0
1723,1359.4951615668833,1359.5066056586802,0.502,1464.0
1724,1357.1033463813365,1357.1147904731333,0.502,2718.0
1725,1351.8848405219615,1351.8962846137583,0.518,5454.0
1726,1351.8047318793833,1351.8161759711802,0.692,5496.0
1727,1348.6690507270396,1348.6804948188365,0.689,7140.0
1728,1348.3371720649302,1348.348616156727,0.796,7314.0
1729,1348.268507514149,1348.2799516059458,0.695,7350.0
1730,1347.8565202094615,1347.8679643012583,0.617,7566.0
1731,1347.4216447211802,1347.433088812977,0.503,7794.0
1732,1346.8379960395396,1346.8494401313365,0.521,8100.0
1733,1346.8151078559458,1346.8265519477427,0.888,8112.0
1734,1346.6434464789927,1346.6548905707896,0.521,8202.0
1735,1346.1055741645396,1346.1170182563365,0.697,8484.0
1736,1345.9568009711802,1345.968245062977,0.735,8562.0
1737,1345.6363664008677,1345.6478104926646,0.566,8730.0
1738,1343.9311967231333,1343.9426408149302,0.519,9624.0
1739,1343.2788834907115,1343.2903275825083,0.897,9966.0
1740,1340.5551896430552,1340.566633734852,0.577,11394.0
1741,1336.996077094227,1337.007521186024,0.528,13260.0
1742,1336.8816361762583,1336.8930802680552,0.862,13320.0
1743,1336.732862982899,1336.7443070746958,0.553,13398.0
1744,1336.1034379340708,1336.1148820258677,0.581,13728.0
1745,1335.908888373524,1335.9203324653208,0.563,13830.0
1746,1335.4740128852427,1335.4854569770396,0.615,14058.0
1747,1335.268019232899,1335.2794633246958,0.612,14166.0
1748,1335.256575141102,1335.268019232899,0.763,14172.0
1749,1335.165022406727,1335.176466498524,0.867,14220.0
1750,1334.993361029774,1335.0048051215708,0.63,14310.0
1751,1332.5557694770396,1332.5672135688365,0.513,15588.0
1752,1332.1781144477427,1332.1895585395396,0.673,15786.0
1753,1328.7448869086802,1328.756331000477,0.532,17586.0
1754,1325.6893143989146,1325.7007584907115,0.7,19188.0
1755,1322.9656205512583,1322.9770646430552,0.503,20616.0
1756,1318.3536515571177,1318.3650956489146,0.592,23034.0
1757,1317.4610123969615,1317.4724564887583,0.525,23502.0
1758,1312.459944281727,1312.471388373524,0.515,26124.0
1759,1312.4485001899302,1312.459944281727,0.591,26130.0
1760,1311.5673051215708,1311.5787492133677,0.507,26592.0
1761,1311.544416937977,1311.555861029774,0.525,26604.0
1762,1309.5645890571177,1309.5760331489146,0.501,27642.0
1763,1308.6948380805552,1308.706282172352,0.678,28098.0
1764,1308.6719498969615,1308.6833939887583,0.571,28110.0
1765,1308.156965766102,1308.168409857899,0.578,28380.0
1766,1308.065413031727,1308.076857123524,0.638,28428.0
1767,1308.0425248481333,1308.0539689399302,0.802,28440.0
1768,1307.9967484809458,1308.0081925727427,0.7,28464.0
1769,1307.9395280219615,1307.9509721137583,0.53,28494.0
1770,1307.9280839301646,1307.9395280219615,0.609,28500.0
1771,1307.9166398383677,1307.9280839301646,0.949,28506.0
1772,1307.9051957465708,1307.9166398383677,0.601,28512.0
1773,1307.893751654774,1307.9051957465708,0.968,28518.0
1774,1307.882307562977,1307.893751654774,0.6,28524.0
1775,1307.8136430121958,1307.8250871039927,0.944,28560.0
1776,1307.790754828602,1307.802198920399,0.567,28572.0
1777,1307.7449784614146,1307.7564225532115,0.595,28596.0
1778,1307.7220902778208,1307.7335343696177,0.542,28608.0
1779,1307.699202094227,1307.710646186024,0.626,28620.0
1780,1307.6763139106333,1307.6877580024302,0.729,28632.0
1781,1307.5847611762583,1307.5962052680552,0.587,28680.0
1782,1307.5733170844615,1307.5847611762583,0.55,28686.0
1783,1307.5046525336802,1307.516096625477,0.634,28722.0
1784,1307.344435248524,1307.3558793403208,0.624,28806.0
1785,1307.241438422352,1307.252882514149,0.502,28860.0
1786,1307.2185502387583,1307.2299943305552,0.576,28872.0
1787,1307.2071061469615,1307.2185502387583,0.671,28878.0
1788,1307.1727738715708,1307.1842179633677,0.546,28896.0
1789,1306.8523393012583,1306.8637833930552,0.58,29064.0
1790,1306.7607865668833,1306.7722306586802,0.829,29112.0
1791,1306.692122016102,1306.703566107899,0.636,29148.0
1792,1306.417463812977,1306.428907904774,0.573,29292.0
1793,1306.3716874457896,1306.3831315375865,0.892,29316.0
1794,1306.337355170399,1306.3487992621958,0.83,29334.0
1795,1306.2686906196177,1306.2801347114146,0.611,29370.0
1796,1306.234358344227,1306.245802436024,0.521,29388.0
1797,1306.1885819770396,1306.2000260688365,0.539,29412.0
1798,1306.142805609852,1306.154249701649,0.504,29436.0
1799,1306.0855851508677,1306.0970292426646,0.801,29466.0
1800,1306.051252875477,1306.062696967274,0.542,29484.0
1801,1306.0398087836802,1306.051252875477,0.534,29490.0
1802,1306.0054765082896,1306.0169206000865,0.506,29508.0
1803,1417.62542584911,1417.6368699409068,0.553,558.0
1804,1417.2706590034068,1417.2821030952036,0.511,744.0
1805,1413.8832078315318,1413.8946519233286,0.545,2520.0
1806,1412.956236395985,1412.9676804877818,0.626,3006.0
1807,1408.6875901557505,1408.6990342475474,0.599,5244.0
1808,1402.61077741161,1402.6222215034068,0.517,8430.0
1809,1398.6282334662974,1398.6396775580943,0.514,10518.0
1810,1394.9661240912974,1394.9775681830943,0.527,12438.0
1811,1387.5732407905161,1387.584684882313,0.523,16314.0
1812,1387.3901353217661,1387.401579413563,0.503,16410.0
1813,1386.86370709911,1386.8751511909068,0.562,16686.0
1814,1385.8795152045786,1385.8909592963755,0.658,17202.0
1815,1380.2947984077036,1380.3062424995005,0.57,20130.0
1816,1380.2375779487193,1380.2490220405161,0.56,20160.0
1817,1380.168913397938,1380.180357489735,0.737,20196.0
1818,1380.1574693061411,1380.168913397938,0.649,20202.0
1819,1380.1231370307505,1380.1345811225474,0.644,20220.0
1820,1380.0315842963755,1380.0430283881724,0.668,20268.0
1821,1379.985807929188,1379.997252020985,0.868,20292.0
1822,1379.8370347358286,1379.8484788276255,0.527,20370.0
1823,1378.8185105659068,1378.8299546577036,0.511,20904.0
1824,1378.4065232612193,1378.4179673530161,0.51,21120.0
1825,1376.9073472358286,1376.9187913276255,0.669,21906.0
1826,1376.6326890327036,1376.6441331245005,0.603,22050.0
1827,1376.506804022938,1376.518248114735,0.685,22116.0
1828,1376.1291489936411,1376.140593085438,0.576,22314.0
1829,1375.6599412299693,1375.6713853217661,0.78,22560.0
1830,1375.053404364735,1375.0648484565318,0.84,22878.0
1831,1375.0305161811411,1375.041960272938,0.743,22890.0
1832,1374.96185163036,1374.9732957221568,0.582,22926.0
1833,1374.4697556830943,1374.4811997748911,0.685,23184.0
1834,1374.4583115912974,1374.4697556830943,0.633,23190.0
1835,1374.401091132313,1374.41253522411,0.598,23220.0
1836,1373.5542283393443,1373.5656724311411,0.697,23664.0
1837,1373.5313401557505,1373.5427842475474,0.606,23676.0
1838,1373.5198960639536,1373.5313401557505,0.753,23682.0
1839,1373.3482346870005,1373.3596787787974,0.576,23772.0
1840,1373.2795701362193,1373.2910142280161,0.668,23808.0
1841,1373.119352851063,1373.13079694286,0.936,23892.0
1842,1372.7989182807505,1372.8103623725474,0.501,24060.0
1843,1372.7188096381724,1372.7302537299693,0.662,24102.0
1844,1372.7073655463755,1372.7188096381724,0.544,24108.0
1845,1372.6959214545786,1372.7073655463755,0.728,24114.0
1846,1372.6844773627818,1372.6959214545786,0.738,24120.0
1847,1372.5585923530161,1372.570036444813,0.929,24186.0
1848,1372.2496018745005,1372.2610459662974,0.79,24348.0
1849,1372.21526959911,1372.2267136909068,0.733,24366.0
1850,1371.2654099799693,1371.2768540717661,0.757,24864.0
1851,1370.5902085639536,1370.6016526557505,0.713,25218.0
1852,1418.1575761176646,1418.1690202094615,0.558,276.0
1853,1411.062239203602,1411.073683295399,0.676,3996.0
1854,1408.693312201649,1408.7047562934458,0.675,5238.0
1855,1399.7783646918833,1399.7898087836802,0.65,9912.0
1856,1392.488478217274,1392.4999223090708,0.525,13734.0
1857,1380.300520453602,1380.311964545399,0.572,20124.0
1858,1380.1860795356333,1380.1975236274302,0.538,20184.0
1859,1380.1631913520396,1380.1746354438365,0.776,20196.0
1860,1380.128859076649,1380.1403031684458,0.75,20214.0
1861,1380.117414984852,1380.128859076649,0.687,20220.0
1862,1380.0830827094615,1380.0945268012583,0.685,20238.0
1863,1380.037306342274,1380.0487504340708,0.794,20262.0
1864,1379.9800858832896,1379.9915299750865,0.901,20292.0
1865,1379.121778998524,1379.1332230903208,0.671,20742.0
1866,1378.4008012153208,1378.4122453071177,0.558,21120.0
1867,1376.9359574653208,1376.9474015571177,0.554,21888.0
1868,1376.7642960883677,1376.7757401801646,0.613,21978.0
1869,1376.7185197211802,1376.729963812977,0.572,22002.0
1870,1376.638411078602,1376.649855170399,0.672,22044.0
1871,1376.4781937934458,1376.4896378852427,0.742,22128.0
1872,1376.3408646918833,1376.3523087836802,0.574,22200.0
1873,1375.4711137153208,1375.4825578071177,0.526,22656.0
1874,1375.2307877875865,1375.2422318793833,0.647,22782.0
1875,1375.0476823188365,1375.0591264106333,0.659,22878.0
1876,1374.9675736762583,1374.9790177680552,0.63,22920.0
1877,1374.9217973090708,1374.9332414008677,0.525,22944.0
1878,1374.5098100043833,1374.5212540961802,0.726,23160.0
1879,1374.4640336371958,1374.4754777289927,0.644,23184.0
1880,1374.452589545399,1374.4640336371958,0.656,23190.0
1881,1373.891829047352,1373.903273139149,0.567,23484.0
1882,1373.8689408637583,1373.8803849555552,0.586,23496.0
1883,1373.525618109852,1373.537062201649,0.777,23676.0
1884,1373.5141740180552,1373.525618109852,0.566,23682.0
1885,1373.2738480903208,1373.2852921821177,0.651,23808.0
1886,1373.1250748969615,1373.1365189887583,0.828,23886.0
1887,1372.7703080512583,1372.7817521430552,0.753,24072.0
1888,1372.713087592274,1372.7245316840708,0.787,24102.0
1889,1372.701643500477,1372.713087592274,0.601,24108.0
1890,1372.6901994086802,1372.701643500477,0.681,24114.0
1891,1371.4084611274302,1371.419905219227,0.579,24786.0
1892,1369.7261796332896,1369.7376237250865,0.727,25668.0
1893,1369.6460709907115,1369.6575150825083,0.642,25710.0
1894,1369.325636420399,1369.3370805121958,0.756,25878.0
1895,1470.8747849799693,1470.8862290717661,0.532,2208.0
1896,1469.6731553412974,1469.6845994330943,0.588,2838.0
1897,1468.4486375190318,1468.4600816108286,0.569,3480.0
1898,1467.0982346870005,1467.1096787787974,0.576,4188.0
1899,1464.7178635932505,1464.7293076850474,0.52,5436.0
1900,1462.7265916205943,1462.7380357123911,0.649,6480.0
1901,1460.1402268745005,1460.1516709662974,0.593,7836.0
1902,1453.594206366688,1453.605650458485,0.571,11268.0
1903,1452.3010239936411,1452.312468085438,0.509,11946.0
1904,1448.1353745795786,1448.1468186713755,0.503,14130.0
1905,1442.8596482612193,1442.8710923530161,0.564,16896.0
1906,1441.1315903998911,1441.143034491688,0.666,17802.0
1907,1441.0400376655161,1441.051481757313,0.655,17850.0
1908,1439.8956284858286,1439.9070725776255,0.894,18450.0
1909,1439.6324143745005,1439.6438584662974,0.642,18588.0
1910,1438.1103501655161,1438.121794257313,0.667,19386.0
1911,1438.0645737983286,1438.0760178901255,0.674,19410.0
1912,1437.3207078315318,1437.3321519233286,0.743,19800.0
1913,1436.199186835438,1436.210630927235,0.543,20388.0
1914,1434.825895819813,1434.83733991161,0.618,21108.0
1915,1431.266783270985,1431.2782273627818,0.504,22974.0
1916,1429.1267381049693,1429.1381821967661,0.506,24096.0
1917,1428.9894090034068,1429.0008530952036,0.545,24168.0
1918,1423.3360276557505,1423.3474717475474,0.635,27132.0
1919,1420.8869920112193,1420.8984361030161,0.504,28416.0
1920,1420.7038865424693,1420.7153306342661,0.563,28512.0
1921,1470.5257401801646,1470.5371842719615,0.703,2388.0
1922,1469.6788773871958,1469.6903214789927,0.671,2832.0
1923,1468.4429154731333,1468.4543595649302,0.545,3480.0
1924,1467.7677140571177,1467.7791581489146,0.582,3834.0
1925,1466.3829789496958,1466.3944230414927,0.628,4560.0
1926,1462.789534125477,1462.800978217274,0.503,6444.0
1927,1461.9083390571177,1461.9197831489146,0.585,6906.0
1928,1460.9355912543833,1460.9470353461802,0.551,7416.0
1929,1459.4593034125865,1459.4707475043833,0.507,8190.0
1930,1454.4467912055552,1454.458235297352,0.597,10818.0
1931,1454.2064652778208,1454.2179093696177,0.78,10944.0
1932,1451.723097357899,1451.7345414496958,0.731,12246.0
1933,1449.789045844227,1449.800489936024,0.523,13260.0
1934,1449.0451798774302,1449.056623969227,0.538,13650.0
1935,1444.6392045356333,1444.6506486274302,0.619,15960.0
1936,1442.3160539008677,1442.3274979926646,0.562,17178.0
1937,1441.8125138618052,1441.823957953602,0.655,17442.0
1938,1441.3890824653208,1441.4005265571177,0.622,17664.0
1939,1439.7068009711802,1439.718245062977,0.547,18546.0
1940,1438.1046281196177,1438.1160722114146,0.512,19386.0
1941,1438.0588517524302,1438.070295844227,0.65,19410.0
1942,1437.887190375477,1437.898634467274,0.626,19500.0
1943,1437.063215766102,1437.074659857899,0.613,19932.0
1944,1433.401106391102,1433.412550482899,0.544,21852.0
1945,1429.3270097114146,1429.3384538032115,0.551,23988.0
1946,1428.548811469227,1428.560255561024,0.538,24396.0
1947,1425.996778998524,1426.0082230903208,0.527,25734.0
1948,1424.5662675239146,1424.5777116157115,0.684,26484.0
1949,1423.330305609852,1423.341749701649,0.564,27132.0
1950,1421.4305863715708,1421.4420304633677,0.665,28128.0
1951,1419.1532121039927,1419.1646561957896,0.859,29322.0
1952,1530.8532700873911,1530.864714179188,0.608,330.0
1953,1530.7273850776255,1530.7388291694224,0.622,396.0
1954,1530.5328355170786,1530.5442796088755,0.57,498.0
1955,1530.3497300483286,1530.3611741401255,0.542,594.0
1956,1530.2467332221568,1530.2581773139536,0.551,648.0
1957,1530.23528913036,1530.2467332221568,0.533,654.0
1958,1529.6630845405161,1529.674528632313,0.59,954.0
1959,1529.4342027045786,1529.4456467963755,0.655,1074.0
1960,1529.3312058784068,1529.3426499702036,0.693,1128.0
1961,1529.2510972358286,1529.2625413276255,0.559,1170.0
1962,1527.4429307319224,1527.4543748237193,0.616,2118.0
1963,1527.397154364735,1527.4085984565318,0.687,2142.0
1964,1527.3742661811411,1527.385710272938,0.541,2154.0
1965,1527.30560163036,1527.3170457221568,0.511,2190.0
1966,1527.2369370795786,1527.2483811713755,0.62,2226.0
1967,1527.0881638862193,1527.0996079780161,0.556,2304.0
1968,1527.0538316108286,1527.0652757026255,0.568,2322.0
1969,1526.9165025092661,1526.927946601063,0.559,2394.0
1970,1526.7219529487193,1526.7333970405161,0.503,2496.0
1971,1526.6304002143443,1526.6418443061411,0.523,2544.0
1972,1526.02386334911,1526.0353074409068,0.684,2862.0
1973,1525.7606492377818,1525.7720933295786,0.813,3000.0
1974,1525.6690965034068,1525.6805405952036,0.526,3048.0
1975,1519.5465073920786,1519.5579514838755,0.546,6258.0
1976,1513.0462632514536,1513.0577073432505,0.527,9666.0
1977,1502.9983506537974,1503.0097947455943,0.591,14934.0
1978,1502.8038010932505,1502.8152451850474,0.663,15036.0
1979,1502.3345933295786,1502.3460374213755,0.679,15282.0
1980,1489.5973191596568,1489.6087632514536,0.596,21960.0
1981,1487.926481757313,1487.93792584911,0.899,22836.0
1982,1486.198423895985,1486.2098679877818,0.519,23742.0
1983,1483.8409409858286,1483.8523850776255,0.628,24978.0
1984,1483.3946214057505,1483.4060654975474,0.552,25212.0
1985,1479.5608506537974,1479.5722947455943,0.534,27222.0
1986,1530.824659857899,1530.8361039496958,0.724,342.0
1987,1530.733107123524,1530.7445512153208,0.502,390.0
1988,1530.5957780219615,1530.6072221137583,0.552,462.0
1989,1530.538557562977,1530.550001654774,0.565,492.0
1990,1530.3440080024302,1530.355452094227,0.576,594.0
1991,1529.7489152289927,1529.7603593207896,0.585,906.0
1992,1529.7374711371958,1529.7489152289927,0.604,912.0
1993,1529.6001420356333,1529.6115861274302,0.535,984.0
1994,1529.3254838325083,1529.3369279243052,0.613,1128.0
1995,1529.3025956489146,1529.3140397407115,0.612,1140.0
1996,1529.073713812977,1529.085157904774,0.509,1260.0
1997,1527.6317582465708,1527.6432023383677,0.576,2016.0
1998,1527.4486527778208,1527.4600968696177,0.566,2112.0
1999,1527.334211859852,1527.345655951649,0.501,2172.0
2000,1527.2655473090708,1527.2769914008677,0.803,2208.0
2001,1527.0481095649302,1527.059553656727,0.648,2322.0
2002,1526.9107804633677,1526.9222245551646,0.661,2394.0
2003,1526.7620072700083,1526.7734513618052,0.517,2472.0
2004,1526.7276749946177,1526.7391190864146,0.568,2490.0
2005,1526.6590104438365,1526.6704545356333,0.618,2526.0
2006,1526.6361222602427,1526.6475663520396,0.504,2538.0
2007,1525.7549271918833,1525.7663712836802,0.584,3000.0
2008,1525.7320390082896,1525.7434831000865,0.732,3012.0
2009,1525.697706732899,1525.7091508246958,0.538,3030.0
2010,1525.4917130805552,1525.503157172352,0.578,3138.0
2011,1521.4977250434458,1521.5091691352427,0.67,5232.0
2012,1521.383284125477,1521.394728217274,0.553,5292.0
2013,1514.4023881293833,1514.4138322211802,0.666,8952.0
2014,1510.4541764594615,1510.4656205512583,0.713,11022.0
2015,1502.798079047352,1502.809523139149,0.546,15036.0
2016,1500.0057206489146,1500.0171647407115,0.508,16500.0
2017,1499.971388373524,1499.9828324653208,0.643,16518.0
2018,1494.1806779243052,1494.192122016102,0.581,19554.0
2019,1489.5915971137583,1489.6030412055552,0.628,21960.0
2020,1489.3283830024302,1489.339827094227,0.58,22098.0
2021,1488.2755265571177,1488.2869706489146,0.526,22650.0
2022,1483.480452094227,1483.491896186024,0.572,25164.0
2023,1482.4161515571177,1482.4275956489146,0.6,25722.0
2024,1478.3306107856333,1478.3420548774302,0.529,27864.0
2025,1475.4009232856333,1475.4123673774302,0.512,29400.0
2026,1585.9336839057505,1585.9451279975474,0.582,1020.0
2027,1585.2928147651255,1585.3042588569224,0.935,1356.0
2028,1585.2355943061411,1585.247038397938,0.542,1386.0
2029,1585.0296006537974,1585.0410447455943,0.859,1494.0
2030,1584.9266038276255,1584.9380479194224,0.542,1548.0
2031,1584.5489487983286,1584.5603928901255,0.715,1746.0
2032,1584.331511054188,1584.342955145985,0.773,1860.0
2033,1584.2628465034068,1584.2742905952036,0.572,1896.0
2034,1584.1140733100474,1584.1255174018443,0.578,1974.0
2035,1584.0110764838755,1584.0225205756724,0.555,2028.0
2036,1583.8966355659068,1583.9080796577036,0.898,2088.0
2037,1583.2214341498911,1583.232878241688,0.627,2442.0
2038,1583.1985459662974,1583.2099900580943,0.523,2454.0
2039,1583.1642136909068,1583.1756577827036,0.547,2472.0
2040,1583.1184373237193,1583.1298814155161,0.633,2496.0
2041,1582.958220038563,1582.96966413036,0.672,2580.0
2042,1582.878111395985,1582.8895554877818,0.655,2622.0
2043,1582.2715745307505,1582.2830186225474,0.649,2940.0
2044,1582.2029099799693,1582.2143540717661,0.639,2976.0
2045,1582.1685777045786,1582.1800217963755,0.713,2994.0
2046,1582.145689520985,1582.1571336127818,0.536,3006.0
2047,1582.134245429188,1582.145689520985,0.805,3012.0
2048,1582.1228013373911,1582.134245429188,0.563,3018.0
2049,1582.0655808784068,1582.0770249702036,0.777,3048.0
2050,1582.05413678661,1582.0655808784068,0.673,3054.0
2051,1582.042692694813,1582.05413678661,0.534,3060.0
2052,1581.9969163276255,1582.0083604194224,0.652,3084.0
2053,1581.962584052235,1581.9740281440318,0.542,3102.0
2054,1581.951139960438,1581.962584052235,0.627,3108.0
2055,1581.9053635932505,1581.9168076850474,0.653,3132.0
2056,1581.7565903998911,1581.768034491688,0.543,3210.0
2057,1581.2530503608286,1581.2644944526255,0.687,3474.0
2058,1581.2072739936411,1581.218718085438,0.893,3498.0
2059,1581.1843858100474,1581.1958299018443,0.511,3510.0
2060,1581.1729417182505,1581.1843858100474,0.716,3516.0
2061,1581.1614976264536,1581.1729417182505,0.613,3522.0
2062,1581.1500535346568,1581.1614976264536,0.689,3528.0
2063,1581.13860944286,1581.1500535346568,0.733,3534.0
2064,1581.127165351063,1581.13860944286,0.649,3540.0
2065,1581.1042771674693,1581.1157212592661,0.793,3552.0
2066,1581.0699448920786,1581.0813889838755,0.78,3570.0
2067,1581.0585008002818,1581.0699448920786,0.67,3576.0
2068,1581.047056708485,1581.0585008002818,0.614,3582.0
2069,1581.035612616688,1581.047056708485,0.783,3588.0
2070,1581.0241685248911,1581.035612616688,0.772,3594.0
2071,1580.944059882313,1580.95550397411,0.605,3636.0
2072,1580.9211716987193,1580.9326157905161,0.565,3648.0
2073,1580.8868394233286,1580.8982835151255,0.626,3666.0
2074,1580.8753953315318,1580.8868394233286,0.555,3672.0
2075,1580.8296189643443,1580.8410630561411,0.501,3696.0
2076,1580.5435166694224,1580.5549607612193,0.799,3846.0
2077,1580.2459702827036,1580.2574143745005,0.813,4002.0
2078,1580.211638007313,1580.22308209911,0.514,4020.0
2079,1580.1773057319224,1580.1887498237193,0.554,4038.0
2080,1580.131529364735,1580.1429734565318,0.904,4062.0
2081,1580.120085272938,1580.131529364735,0.636,4068.0
2082,1580.0971970893443,1580.1086411811411,0.702,4080.0
2083,1580.0857529975474,1580.0971970893443,0.761,4086.0
2084,1580.0743089057505,1580.0857529975474,0.766,4092.0
2085,1580.0628648139536,1580.0743089057505,0.746,4098.0
2086,1580.03997663036,1580.0514207221568,0.584,4110.0
2087,1580.028532538563,1580.03997663036,0.701,4116.0
2088,1580.0056443549693,1580.0170884467661,0.849,4128.0
2089,1579.9942002631724,1580.0056443549693,0.958,4134.0
2090,1579.948423895985,1579.9598679877818,0.629,4158.0
2091,1579.936979804188,1579.948423895985,0.879,4164.0
2092,1579.9140916205943,1579.9255357123911,0.508,4176.0
2093,1579.8912034370005,1579.9026475287974,0.824,4188.0
2094,1579.8797593452036,1579.8912034370005,0.749,4194.0
2095,1579.8683152534068,1579.8797593452036,0.726,4200.0
2096,1579.85687116161,1579.8683152534068,0.542,4206.0
2097,1579.8339829780161,1579.845427069813,0.816,4218.0
2098,1579.8225388862193,1579.8339829780161,0.937,4224.0
2099,1579.8110947944224,1579.8225388862193,0.702,4230.0
2100,1579.7996507026255,1579.8110947944224,0.754,4236.0
2101,1579.7309861518443,1579.7424302436411,0.509,4272.0
2102,1579.7080979682505,1579.7195420600474,0.718,4284.0
2103,1579.6852097846568,1579.6966538764536,0.854,4296.0
2104,1579.3533311225474,1579.3647752143443,0.572,4470.0
2105,1579.296110663563,1579.30755475536,0.666,4500.0
2106,1579.2732224799693,1579.2846665717661,0.578,4512.0
2107,1579.2617783881724,1579.2732224799693,0.558,4518.0
2108,1579.1931138373911,1579.204557929188,0.51,4554.0
2109,1579.1702256537974,1579.1816697455943,0.564,4566.0
2110,1579.1587815620005,1579.1702256537974,0.518,4572.0
2111,1579.1473374702036,1579.1587815620005,0.509,4578.0
2112,1579.1358933784068,1579.1473374702036,0.515,4584.0
2113,1579.113005194813,1579.12444928661,0.687,4596.0
2114,1579.0443406440318,1579.0557847358286,0.582,4632.0
2115,1579.032896552235,1579.0443406440318,0.568,4638.0
2116,1578.9985642768443,1579.0100083686411,0.658,4656.0
2117,1578.9871201850474,1578.9985642768443,0.505,4662.0
2118,1578.9756760932505,1578.9871201850474,0.606,4668.0
2119,1578.9184556342661,1578.929899726063,0.744,4698.0
2120,1578.9070115424693,1578.9184556342661,0.728,4704.0
2121,1578.849791083485,1578.8612351752818,0.573,4734.0
2122,1578.838346991688,1578.849791083485,0.601,4740.0
2123,1578.8269028998911,1578.838346991688,0.745,4746.0
2124,1578.8040147162974,1578.8154588080943,0.892,4758.0
2125,1578.7925706245005,1578.8040147162974,0.71,4764.0
2126,1578.75823834911,1578.7696824409068,0.922,4782.0
2127,1578.7353501655161,1578.746794257313,0.817,4794.0
2128,1578.7010178901255,1578.7124619819224,0.772,4812.0
2129,1578.6895737983286,1578.7010178901255,0.783,4818.0
2130,1578.6781297065318,1578.6895737983286,0.596,4824.0
2131,1578.666685614735,1578.6781297065318,0.943,4830.0
2132,1578.655241522938,1578.666685614735,0.884,4836.0
2133,1578.3119187690318,1578.3233628608286,0.517,5016.0
2134,1578.300474677235,1578.3119187690318,0.618,5022.0
2135,1578.289030585438,1578.300474677235,0.908,5028.0
2136,1578.2546983100474,1578.2661424018443,0.8,5046.0
2137,1578.2318101264536,1578.2432542182505,0.793,5058.0
2138,1578.197477851063,1578.20892194286,0.545,5076.0
2139,1578.1288133002818,1578.1402573920786,0.736,5112.0
2140,1578.105925116688,1578.117369208485,0.781,5124.0
2141,1578.02581647411,1578.0372605659068,0.778,5166.0
2142,1578.0029282905161,1578.014372382313,0.531,5178.0
2143,1577.9914841987193,1578.0029282905161,0.511,5184.0
2144,1577.9800401069224,1577.9914841987193,0.656,5190.0
2145,1577.934263739735,1577.9457078315318,0.551,5214.0
2146,1577.922819647938,1577.934263739735,0.763,5220.0
2147,1577.8884873725474,1577.8999314643443,0.673,5238.0
2148,1577.8770432807505,1577.8884873725474,0.82,5244.0
2149,1577.8655991889536,1577.8770432807505,0.747,5250.0
2150,1577.831266913563,1577.84271100536,0.871,5268.0
2151,1577.7969346381724,1577.8083787299693,0.72,5286.0
2152,1577.7740464545786,1577.7854905463755,0.927,5298.0
2153,1577.7626023627818,1577.7740464545786,0.814,5304.0
2154,1577.739714179188,1577.751158270985,0.533,5316.0
2155,1577.7168259955943,1577.7282700873911,0.652,5328.0
2156,1577.6939378120005,1577.7053819037974,0.502,5340.0
2157,1577.6824937202036,1577.6939378120005,0.649,5346.0
2158,1577.6710496284068,1577.6824937202036,0.518,5352.0
2159,1577.648161444813,1577.65960553661,0.936,5364.0
2160,1577.6252732612193,1577.6367173530161,0.518,5376.0
2161,1577.6138291694224,1577.6252732612193,0.572,5382.0
2162,1577.5909409858286,1577.6023850776255,0.598,5394.0
2163,1577.568052802235,1577.5794968940318,0.84,5406.0
2164,1577.5451646186411,1577.556608710438,0.698,5418.0
2165,1577.5222764350474,1577.5337205268443,0.839,5430.0
2166,1577.47650006786,1577.4879441596568,0.534,5454.0
2167,1577.4536118842661,1577.465055976063,0.541,5466.0
2168,1577.373503241688,1577.384947333485,0.518,5508.0
2169,1577.3277268745005,1577.3391709662974,0.62,5532.0
2170,1577.3162827827036,1577.3277268745005,0.537,5538.0
2171,1577.29339459911,1577.3048386909068,0.919,5550.0
2172,1577.281950507313,1577.29339459911,0.896,5556.0
2173,1577.2590623237193,1577.2705064155161,0.51,5568.0
2174,1577.2361741401255,1577.2476182319224,0.532,5580.0
2175,1577.2247300483286,1577.2361741401255,0.624,5586.0
2176,1577.2132859565318,1577.2247300483286,0.618,5592.0
2177,1577.201841864735,1577.2132859565318,0.529,5598.0
2178,1577.1331773139536,1577.1446214057505,0.56,5634.0
2179,1577.098845038563,1577.11028913036,0.512,5652.0
2180,1577.0874009467661,1577.098845038563,0.613,5658.0
2181,1577.0759568549693,1577.0874009467661,0.612,5664.0
2182,1577.0645127631724,1577.0759568549693,0.531,5670.0
2183,1577.0416245795786,1577.0530686713755,0.592,5682.0
2184,1577.018736395985,1577.0301804877818,0.51,5694.0
2185,1577.007292304188,1577.018736395985,0.869,5700.0
2186,1576.9958482123911,1577.007292304188,0.532,5706.0
2187,1576.9615159370005,1576.9729600287974,0.557,5724.0
2188,1576.9500718452036,1576.9615159370005,0.826,5730.0
2189,1576.92718366161,1576.9386277534068,0.637,5742.0
2190,1576.915739569813,1576.92718366161,0.521,5748.0
2191,1576.8928513862193,1576.9042954780161,0.533,5760.0
2192,1576.8814072944224,1576.8928513862193,0.514,5766.0
2193,1576.8699632026255,1576.8814072944224,0.624,5772.0
2194,1576.8470750190318,1576.8585191108286,0.621,5784.0
2195,1576.7898545600474,1576.8012986518443,0.638,5814.0
2196,1576.7555222846568,1576.7669663764536,0.747,5832.0
2197,1576.732634101063,1576.74407819286,0.531,5844.0
2198,1576.6639695502818,1576.6754136420786,0.52,5880.0
2199,1576.6296372748911,1576.641081366688,0.811,5898.0
2200,1576.6067490912974,1576.6181931830943,0.552,5910.0
2201,1576.56097272411,1576.5724168159068,0.682,5934.0
2202,1576.5266404487193,1576.5380845405161,0.799,5952.0
2203,1576.5151963569224,1576.5266404487193,0.754,5958.0
2204,1576.4121995307505,1576.4236436225474,0.609,6012.0
2205,1576.37786725536,1576.3893113471568,0.501,6030.0
2206,1576.3549790717661,1576.366423163563,0.576,6042.0
2207,1576.3435349799693,1576.3549790717661,0.728,6048.0
2208,1576.286314520985,1576.2977586127818,0.753,6078.0
2209,1576.274870429188,1576.286314520985,0.621,6084.0
2210,1576.2634263373911,1576.274870429188,0.642,6090.0
2211,1576.2519822455943,1576.2634263373911,0.605,6096.0
2212,1576.2290940620005,1576.2405381537974,0.729,6108.0
2213,1576.2176499702036,1576.2290940620005,0.821,6114.0
2214,1576.2062058784068,1576.2176499702036,0.581,6120.0
2215,1576.1489854194224,1576.1604295112193,0.733,6150.0
2216,1576.1260972358286,1576.1375413276255,0.517,6162.0
2217,1576.103209052235,1576.1146531440318,0.628,6174.0
2218,1576.0688767768443,1576.0803208686411,0.614,6192.0
2219,1576.0459885932505,1576.0574326850474,0.594,6204.0
2220,1576.0345445014536,1576.0459885932505,0.666,6210.0
2221,1575.9887681342661,1576.000212226063,0.845,6234.0
2222,1575.9773240424693,1575.9887681342661,0.542,6240.0
2223,1575.9658799506724,1575.9773240424693,0.88,6246.0
2224,1575.9429917670786,1575.9544358588755,0.525,6258.0
2225,1575.9315476752818,1575.9429917670786,0.918,6264.0
2226,1575.908659491688,1575.920103583485,0.504,6276.0
2227,1575.8743272162974,1575.8857713080943,0.508,6294.0
2228,1575.82855084911,1575.8399949409068,0.826,6318.0
2229,1575.8056626655161,1575.817106757313,0.701,6330.0
2230,1575.7827744819224,1575.7942185737193,0.64,6342.0
2231,1575.7598862983286,1575.7713303901255,0.516,6354.0
2232,1575.725554022938,1575.736998114735,0.764,6372.0
2233,1575.7141099311411,1575.725554022938,0.884,6378.0
2234,1575.7026658393443,1575.7141099311411,0.782,6384.0
2235,1575.6912217475474,1575.7026658393443,0.589,6390.0
2236,1575.6797776557505,1575.6912217475474,0.551,6396.0
2237,1575.6683335639536,1575.6797776557505,0.694,6402.0
2238,1575.6568894721568,1575.6683335639536,0.554,6408.0
2239,1575.64544538036,1575.6568894721568,0.699,6414.0
2240,1575.634001288563,1575.64544538036,0.682,6420.0
2241,1575.6225571967661,1575.634001288563,0.74,6426.0
2242,1575.5996690131724,1575.6111131049693,0.839,6438.0
2243,1575.5882249213755,1575.5996690131724,0.741,6444.0
2244,1575.5767808295786,1575.5882249213755,0.514,6450.0
2245,1575.553892645985,1575.5653367377818,0.888,6462.0
2246,1575.542448554188,1575.553892645985,0.812,6468.0
2247,1575.5310044623911,1575.542448554188,0.652,6474.0
2248,1575.5195603705943,1575.5310044623911,0.583,6480.0
2249,1575.5081162787974,1575.5195603705943,0.73,6486.0
2250,1575.4852280952036,1575.4966721870005,0.63,6498.0
2251,1575.4737840034068,1575.4852280952036,0.516,6504.0
2252,1575.46233991161,1575.4737840034068,0.851,6510.0
2253,1575.450895819813,1575.46233991161,0.934,6516.0
2254,1575.4280076362193,1575.4394517280161,0.586,6528.0
2255,1575.4165635444224,1575.4280076362193,0.94,6534.0
2256,1575.4051194526255,1575.4165635444224,0.765,6540.0
2257,1575.3936753608286,1575.4051194526255,0.537,6546.0
2258,1575.3822312690318,1575.3936753608286,0.532,6552.0
2259,1575.370787177235,1575.3822312690318,0.636,6558.0
2260,1575.359343085438,1575.370787177235,0.871,6564.0
2261,1575.3478989936411,1575.359343085438,0.921,6570.0
2262,1575.3250108100474,1575.3364549018443,0.88,6582.0
2263,1575.3135667182505,1575.3250108100474,0.753,6588.0
2264,1575.3021226264536,1575.3135667182505,0.543,6594.0
2265,1575.2906785346568,1575.3021226264536,0.794,6600.0
2266,1575.27923444286,1575.2906785346568,0.644,6606.0
2267,1575.267790351063,1575.27923444286,0.631,6612.0
2268,1575.2449021674693,1575.2563462592661,0.589,6624.0
2269,1575.2334580756724,1575.2449021674693,0.619,6630.0
2270,1575.1991258002818,1575.2105698920786,0.6,6648.0
2271,1575.1647935248911,1575.176237616688,0.599,6666.0
2272,1575.1533494330943,1575.1647935248911,0.626,6672.0
2273,1575.1419053412974,1575.1533494330943,0.61,6678.0
2274,1575.1304612495005,1575.1419053412974,0.867,6684.0
2275,1575.1190171577036,1575.1304612495005,0.504,6690.0
2276,1575.1075730659068,1575.1190171577036,0.641,6696.0
2277,1575.09612897411,1575.1075730659068,0.583,6702.0
2278,1575.084684882313,1575.09612897411,0.695,6708.0
2279,1575.0732407905161,1575.084684882313,0.56,6714.0
2280,1575.0503526069224,1575.0617966987193,0.72,6726.0
2281,1575.0389085151255,1575.0503526069224,0.648,6732.0
2282,1575.0274644233286,1575.0389085151255,0.788,6738.0
2283,1575.0160203315318,1575.0274644233286,0.619,6744.0
2284,1574.993132147938,1575.004576239735,0.795,6756.0
2285,1574.9816880561411,1574.993132147938,0.633,6762.0
2286,1574.9702439643443,1574.9816880561411,0.541,6768.0
2287,1574.9587998725474,1574.9702439643443,0.769,6774.0
2288,1574.9359116889536,1574.9473557807505,0.517,6786.0
2289,1574.91302350536,1574.9244675971568,0.821,6798.0
2290,1574.8786912299693,1574.8901353217661,0.753,6816.0
2291,1574.8672471381724,1574.8786912299693,0.539,6822.0
2292,1574.8558030463755,1574.8672471381724,0.711,6828.0
2293,1574.8443589545786,1574.8558030463755,0.699,6834.0
2294,1574.821470770985,1574.8329148627818,0.693,6846.0
2295,1574.7642503120005,1574.7756944037974,0.51,6876.0
2296,1574.7413621284068,1574.7528062202036,0.51,6888.0
2297,1574.7070298530161,1574.718473944813,0.545,6906.0
2298,1574.6841416694224,1574.6955857612193,0.73,6918.0
2299,1574.626921210438,1574.638365302235,0.559,6948.0
2300,1574.5925889350474,1574.6040330268443,0.666,6966.0
2301,1574.5582566596568,1574.5697007514536,0.502,6984.0
2302,1574.54681256786,1574.5582566596568,0.516,6990.0
2303,1574.535368476063,1574.54681256786,0.514,6996.0
2304,1574.5239243842661,1574.535368476063,0.511,7002.0
2305,1574.4895921088755,1574.5010362006724,0.584,7020.0
2306,1574.4781480170786,1574.4895921088755,0.52,7026.0
2307,1574.443815741688,1574.455259833485,0.527,7044.0
2308,1574.4094834662974,1574.4209275580943,0.793,7062.0
2309,1574.3980393745005,1574.4094834662974,0.799,7068.0
2310,1574.3865952827036,1574.3980393745005,0.582,7074.0
2311,1574.36370709911,1574.3751511909068,0.823,7086.0
2312,1574.3408189155161,1574.352263007313,0.514,7098.0
2313,1574.3293748237193,1574.3408189155161,0.535,7104.0
2314,1574.3179307319224,1574.3293748237193,0.573,7110.0
2315,1574.3064866401255,1574.3179307319224,0.634,7116.0
2316,1574.2835984565318,1574.2950425483286,0.679,7128.0
2317,1574.260710272938,1574.272154364735,0.548,7140.0
2318,1574.2034898139536,1574.2149339057505,0.546,7170.0
2319,1574.1233811713755,1574.1348252631724,0.67,7212.0
2320,1574.1004929877818,1574.1119370795786,0.844,7224.0
2321,1574.089048895985,1574.1004929877818,0.543,7230.0
2322,1574.0547166205943,1574.0661607123911,0.619,7248.0
2323,1573.99749616161,1574.0089402534068,0.622,7278.0
2324,1573.9517197944224,1573.9631638862193,0.54,7302.0
2325,1573.9402757026255,1573.9517197944224,0.545,7308.0
2326,1573.9288316108286,1573.9402757026255,0.653,7314.0
2327,1573.9173875190318,1573.9288316108286,0.63,7320.0
2328,1573.905943427235,1573.9173875190318,0.531,7326.0
2329,1573.894499335438,1573.905943427235,0.796,7332.0
2330,1573.8716111518443,1573.8830552436411,0.511,7344.0
2331,1573.81439069286,1573.8258347846568,0.716,7374.0
2332,1573.7571702338755,1573.7686143256724,0.547,7404.0
2333,1573.7342820502818,1573.7457261420786,0.54,7416.0
2334,1573.6999497748911,1573.711393866688,0.596,7434.0
2335,1573.6770615912974,1573.6885056830943,0.81,7446.0
2336,1573.6656174995005,1573.6770615912974,0.589,7452.0
2337,1573.619841132313,1573.63128522411,0.683,7476.0
2338,1573.5969529487193,1573.6083970405161,0.708,7488.0
2339,1573.5855088569224,1573.5969529487193,0.778,7494.0
2340,1573.5626206733286,1573.5740647651255,0.53,7506.0
2341,1573.539732489735,1573.5511765815318,0.81,7518.0
2342,1573.5168443061411,1573.528288397938,0.67,7530.0
2343,1573.4939561225474,1573.5054002143443,0.745,7542.0
2344,1573.4596238471568,1573.4710679389536,0.52,7560.0
2345,1573.2765183784068,1573.2879624702036,0.758,7656.0
2346,1573.2192979194224,1573.2307420112193,0.581,7686.0
2347,1573.2078538276255,1573.2192979194224,0.842,7692.0
2348,1573.1964097358286,1573.2078538276255,0.782,7698.0
2349,1573.1849656440318,1573.1964097358286,0.657,7704.0
2350,1573.173521552235,1573.1849656440318,0.521,7710.0
2351,1573.162077460438,1573.173521552235,0.857,7716.0
2352,1573.1506333686411,1573.162077460438,0.641,7722.0
2353,1573.1391892768443,1573.1506333686411,0.764,7728.0
2354,1573.1163010932505,1573.1277451850474,0.724,7740.0
2355,1573.0934129096568,1573.1048570014536,0.742,7752.0
2356,1573.08196881786,1573.0934129096568,0.617,7758.0
2357,1573.070524726063,1573.08196881786,0.582,7764.0
2358,1573.0590806342661,1573.070524726063,0.854,7770.0
2359,1573.0476365424693,1573.0590806342661,0.638,7776.0
2360,1573.0247483588755,1573.0361924506724,0.562,7788.0
2361,1573.0133042670786,1573.0247483588755,0.509,7794.0
2362,1572.990416083485,1573.0018601752818,0.631,7806.0
2363,1572.978971991688,1572.990416083485,0.687,7812.0
2364,1572.9446397162974,1572.9560838080943,0.555,7830.0
2365,1572.9331956245005,1572.9446397162974,0.514,7836.0
2366,1572.9217515327036,1572.9331956245005,0.795,7842.0
2367,1572.9103074409068,1572.9217515327036,0.719,7848.0
2368,1572.89886334911,1572.9103074409068,0.645,7854.0
2369,1572.887419257313,1572.89886334911,0.638,7860.0
2370,1572.8301987983286,1572.8416428901255,0.692,7890.0
2371,1572.8187547065318,1572.8301987983286,0.591,7896.0
2372,1572.807310614735,1572.8187547065318,0.709,7902.0
2373,1572.7615342475474,1572.7729783393443,0.511,7926.0
2374,1572.7386460639536,1572.7500901557505,0.509,7938.0
2375,1572.7272019721568,1572.7386460639536,0.627,7944.0
2376,1572.71575788036,1572.7272019721568,0.553,7950.0
2377,1572.704313788563,1572.71575788036,0.81,7956.0
2378,1572.6928696967661,1572.704313788563,0.687,7962.0
2379,1572.6814256049693,1572.6928696967661,0.583,7968.0
2380,1572.6699815131724,1572.6814256049693,0.669,7974.0
2381,1572.6470933295786,1572.6585374213755,0.538,7986.0
2382,1572.6356492377818,1572.6470933295786,0.657,7992.0
2383,1572.624205145985,1572.6356492377818,0.781,7998.0
2384,1572.5669846870005,1572.5784287787974,0.647,8028.0
2385,1572.521208319813,1572.53265241161,0.687,8052.0
2386,1572.4983201362193,1572.5097642280161,0.624,8064.0
2387,1572.4754319526255,1572.4868760444224,0.548,8076.0
2388,1572.4525437690318,1572.4639878608286,0.642,8088.0
2389,1572.441099677235,1572.4525437690318,0.742,8094.0
2390,1572.2122178412974,1572.2236619330943,0.64,8214.0
2391,1572.2007737495005,1572.2122178412974,0.513,8220.0
2392,1572.16644147411,1572.1778855659068,0.571,8238.0
2393,1572.1435532905161,1572.154997382313,0.971,8250.0
2394,1572.074888739735,1572.0863328315318,0.783,8286.0
2395,1572.063444647938,1572.074888739735,0.539,8292.0
2396,1572.0291123725474,1572.0405564643443,0.586,8310.0
2397,1572.0062241889536,1572.0176682807505,0.528,8322.0
2398,1571.98333600536,1571.9947800971568,0.513,8334.0
2399,1571.9146714545786,1571.9261155463755,0.634,8370.0
2400,1571.891783270985,1571.9032273627818,0.523,8382.0
2401,1571.8460069037974,1571.8574509955943,0.763,8406.0
2402,1571.8345628120005,1571.8460069037974,0.506,8412.0
2403,1571.7773423530161,1571.788786444813,0.553,8442.0
2404,1571.7658982612193,1571.7773423530161,0.859,8448.0
2405,1571.7315659858286,1571.7430100776255,0.571,8466.0
2406,1571.7201218940318,1571.7315659858286,0.569,8472.0
2407,1571.708677802235,1571.7201218940318,0.516,8478.0
2408,1571.6743455268443,1571.6857896186411,0.503,8496.0
2409,1571.6514573432505,1571.6629014350474,0.646,8508.0
2410,1571.6400132514536,1571.6514573432505,0.615,8514.0
2411,1571.6285691596568,1571.6400132514536,0.524,8520.0
2412,1571.61712506786,1571.6285691596568,0.542,8526.0
2413,1571.4912400580943,1571.5026841498911,0.763,8592.0
2414,1571.1936936713755,1571.2051377631724,0.634,8748.0
2415,1571.1364732123911,1571.147917304188,0.617,8778.0
2416,1571.06780866161,1571.0792527534068,0.724,8814.0
2417,1571.0449204780161,1571.056364569813,0.863,8826.0
2418,1571.0220322944224,1571.0334763862193,0.882,8838.0
2419,1571.0105882026255,1571.0220322944224,0.62,8844.0
2420,1570.9877000190318,1570.9991441108286,0.681,8856.0
2421,1570.976255927235,1570.9877000190318,0.645,8862.0
2422,1570.964811835438,1570.976255927235,0.865,8868.0
2423,1570.9419236518443,1570.9533677436411,0.611,8880.0
2424,1570.8274827338755,1570.8389268256724,0.601,8940.0
2425,1570.8160386420786,1570.8274827338755,1.0,8946.0
2426,1570.781706366688,1570.793150458485,0.519,8964.0
2427,1570.7702622748911,1570.781706366688,0.577,8970.0
2428,1570.7588181830943,1570.7702622748911,0.613,8976.0
2429,1570.7359299995005,1570.7473740912974,0.721,8988.0
2430,1570.70159772411,1570.7130418159068,0.516,9006.0
2431,1570.690153632313,1570.70159772411,0.535,9012.0
2432,1570.6672654487193,1570.6787095405161,0.67,9024.0
2433,1570.6558213569224,1570.6672654487193,0.517,9030.0
2434,1570.6443772651255,1570.6558213569224,0.606,9036.0
2435,1570.6214890815318,1570.6329331733286,0.546,9048.0
2436,1570.610044989735,1570.6214890815318,0.773,9054.0
2437,1570.4956040717661,1570.507048163563,0.639,9114.0
2438,1570.1065049506724,1570.1179490424693,0.565,9318.0
2439,1570.0149522162974,1570.0263963080943,0.917,9366.0
2440,1570.0035081245005,1570.0149522162974,0.501,9372.0
2441,1569.9462876655161,1569.957731757313,0.616,9402.0
2442,1569.9233994819224,1569.9348435737193,0.793,9414.0
2443,1569.9119553901255,1569.9233994819224,0.713,9420.0
2444,1569.8890672065318,1569.9005112983286,0.801,9432.0
2445,1569.866179022938,1569.877623114735,0.516,9444.0
2446,1569.8432908393443,1569.8547349311411,0.502,9456.0
2447,1569.8318467475474,1569.8432908393443,0.584,9462.0
2448,1569.8204026557505,1569.8318467475474,0.922,9468.0
2449,1569.7975144721568,1569.8089585639536,0.609,9480.0
2450,1569.78607038036,1569.7975144721568,0.971,9486.0
2451,1569.7517381049693,1569.7631821967661,0.811,9504.0
2452,1569.7174058295786,1569.7288499213755,0.633,9522.0
2453,1569.694517645985,1569.7059617377818,0.608,9534.0
2454,1569.6716294623911,1569.683073554188,0.582,9546.0
2455,1569.6601853705943,1569.6716294623911,0.768,9552.0
2456,1569.591520819813,1569.60296491161,0.53,9588.0
2457,1569.5800767280161,1569.591520819813,0.901,9594.0
2458,1569.4770799018443,1569.4885239936411,0.644,9648.0
2459,1569.3511948920786,1569.3626389838755,0.577,9714.0
2460,1568.9735398627818,1568.9849839545786,0.711,9912.0
2461,1568.9048753120005,1568.9163194037974,0.841,9948.0
2462,1568.8819871284068,1568.8934312202036,0.664,9960.0
2463,1568.87054303661,1568.8819871284068,0.735,9966.0
2464,1568.859098944813,1568.87054303661,0.51,9972.0
2465,1568.778990302235,1568.7904343940318,0.531,10014.0
2466,1568.7561021186411,1568.767546210438,0.557,10026.0
2467,1568.6645493842661,1568.675993476063,0.711,10074.0
2468,1567.8977952338755,1567.9092393256724,0.545,10476.0
2469,1567.8749070502818,1567.8863511420786,0.593,10488.0
2470,1567.8405747748911,1567.852018866688,0.502,10506.0
2471,1567.6345811225474,1567.6460252143443,0.812,10614.0
2472,1566.8792710639536,1566.8907151557505,0.699,11010.0
2473,1566.8220506049693,1566.8334946967661,0.912,11040.0
2474,1566.6160569526255,1566.6275010444224,0.534,11148.0
2475,1566.581724677235,1566.5931687690318,0.644,11166.0
2476,1566.1926255561411,1566.204069647938,0.548,11370.0
2477,1565.8035264350474,1565.8149705268443,0.633,11574.0
2478,1565.7234177924693,1565.7348618842661,0.501,11616.0
2479,1565.5975327827036,1565.6089768745005,0.79,11682.0
2480,1563.9381394721568,1563.9495835639536,0.841,12552.0
2481,1563.9038071967661,1563.915251288563,0.533,12570.0
2482,1562.9425034858286,1562.9539475776255,0.531,13074.0
2483,1562.1070847846568,1562.1185288764536,0.518,13512.0
2484,1562.0727525092661,1562.084196601063,0.632,13530.0
2485,1561.9811997748911,1561.992643866688,0.507,13578.0
2486,1561.901091132313,1561.91253522411,0.589,13620.0
2487,1561.820982489735,1561.8324265815318,0.564,13662.0
2488,1561.4776597358286,1561.4891038276255,0.515,13842.0
2489,1561.3746629096568,1561.3861070014536,0.65,13896.0
2490,1560.8482346870005,1560.8596787787974,0.552,14172.0
2491,1560.527800116688,1560.539244208485,0.515,14340.0
2492,1560.3790269233286,1560.3904710151255,0.653,14418.0
2493,1560.356138739735,1560.3675828315318,0.586,14430.0
2494,1560.1501450873911,1560.161589179188,0.815,14538.0
2495,1559.9327073432505,1559.9441514350474,0.589,14652.0
2496,1559.6351609565318,1559.6466050483286,0.752,14808.0
2497,1558.9027390815318,1558.9141831733286,0.691,15192.0
2498,1558.3190903998911,1558.330534491688,0.53,15498.0
2499,1558.25042584911,1558.2618699409068,0.825,15534.0
2500,1558.2160935737193,1558.2275376655161,0.57,15552.0
2501,1557.9872117377818,1557.9986558295786,0.639,15672.0
2502,1557.4836716987193,1557.4951157905161,0.701,15936.0
2503,1557.4607835151255,1557.4722276069224,0.755,15948.0
2504,1557.426451239735,1557.4378953315318,0.509,15966.0
2505,1557.415007147938,1557.426451239735,0.598,15972.0
2506,1557.4035630561411,1557.415007147938,0.68,15978.0
2507,1556.7054734565318,1556.7169175483286,0.645,16344.0
2508,1554.6226487495005,1554.6340928412974,0.548,17436.0
2509,1552.0019517280161,1552.013395819813,0.502,18810.0
2510,1551.1550889350474,1551.1665330268443,0.615,19254.0
2511,1550.9376511909068,1550.9490952827036,0.517,19368.0
2512,1548.6946091987193,1548.7060532905161,0.568,20544.0
2513,1548.625944647938,1548.637388739735,0.553,20580.0
2514,1548.1567368842661,1548.168180976063,0.538,20826.0
2515,1547.7790818549693,1547.7905259467661,0.677,21024.0
2516,1547.7676377631724,1547.7790818549693,0.582,21030.0
2517,1547.7561936713755,1547.7676377631724,0.578,21036.0
2518,1547.7447495795786,1547.7561936713755,0.618,21042.0
2519,1547.7333054877818,1547.7447495795786,0.517,21048.0
2520,1547.721861395985,1547.7333054877818,0.594,21054.0
2521,1547.710417304188,1547.721861395985,0.511,21060.0
2522,1547.6989732123911,1547.710417304188,0.811,21066.0
2523,1547.6875291205943,1547.6989732123911,0.621,21072.0
2524,1547.6760850287974,1547.6875291205943,0.539,21078.0
2525,1547.6417527534068,1547.6531968452036,0.628,21096.0
2526,1547.6074204780161,1547.618864569813,0.625,21114.0
2527,1547.2412095405161,1547.252653632313,0.516,21306.0
2528,1547.161100897938,1547.172544989735,0.557,21348.0
2529,1547.1496568061411,1547.161100897938,0.567,21354.0
2530,1547.1267686225474,1547.1382127143443,0.663,21366.0
2531,1545.6390366889536,1545.6504807807505,0.54,22146.0
2532,1545.524595770985,1545.5360398627818,0.643,22206.0
2533,1545.2156052924693,1545.2270493842661,0.709,22368.0
2534,1545.2041612006724,1545.2156052924693,0.663,22374.0
2535,1545.0782761909068,1545.0897202827036,0.568,22440.0
2536,1545.06683209911,1545.0782761909068,0.661,22446.0
2537,1545.055388007313,1545.06683209911,0.659,22452.0
2538,1544.9409470893443,1544.9523911811411,0.675,22512.0
2539,1544.0940842963755,1544.1055283881724,0.632,22956.0
2540,1544.059752020985,1544.0711961127818,0.571,22974.0
2541,1544.0368638373911,1544.048307929188,0.678,22986.0
2542,1542.3431382514536,1542.3545823432505,0.733,23874.0
2543,1542.0570359565318,1542.0684800483286,0.62,24024.0
2544,1542.0227036811411,1542.034147772938,0.768,24042.0
2545,1540.3633103705943,1540.3747544623911,0.562,24912.0
2546,1540.1802049018443,1540.1916489936411,0.586,25008.0
2547,1539.7796616889536,1539.7911057807505,0.585,25218.0
2548,1539.7682175971568,1539.7796616889536,0.592,25224.0
2549,1539.562223944813,1539.57366803661,0.672,25332.0
2550,1539.2189011909068,1539.2303452827036,0.615,25512.0
2551,1537.548063788563,1537.55950788036,0.648,26388.0
2552,1535.91155866161,1535.9230027534068,0.527,27246.0
2553,1535.8886704780161,1535.900114569813,0.695,27258.0
2554,1535.7398972846568,1535.7513413764536,0.751,27336.0
2555,1535.717009101063,1535.72845319286,0.707,27348.0
2556,1535.167692694813,1535.17913678661,0.653,27636.0
2557,1535.0646958686411,1535.076139960438,0.537,27690.0
2558,1535.0418076850474,1535.0532517768443,0.9,27702.0
2559,1535.0303635932505,1535.0418076850474,0.501,27708.0
2560,1533.2336411811411,1533.245085272938,0.594,28650.0
2561,1532.8559861518443,1532.8674302436411,0.554,28848.0
2562,1531.8946824409068,1531.9061265327036,0.644,29352.0
2563,1531.70013288036,1531.7115769721568,0.603,29454.0
2564,1531.6429124213755,1531.6543565131724,0.619,29484.0
2565,1586.2369523383677,1586.2483964301646,0.58,858.0
2566,1586.019514594227,1586.030958686024,0.631,972.0
2567,1585.7791886664927,1585.7906327582896,0.575,1098.0
2568,1585.298536811024,1585.3099809028208,0.919,1350.0
2569,1585.2413163520396,1585.2527604438365,0.556,1380.0
2570,1585.1383195258677,1585.1497636176646,0.715,1434.0
2571,1585.1268754340708,1585.1383195258677,0.675,1440.0
2572,1585.0353226996958,1585.0467667914927,0.753,1488.0
2573,1584.920881781727,1584.932325873524,0.645,1548.0
2574,1584.0625748969615,1584.0740189887583,0.614,1998.0
2575,1583.9023576118052,1583.913801703602,0.694,2082.0
2576,1583.6048112250865,1583.6162553168833,0.535,2238.0
2577,1583.3415971137583,1583.3530412055552,0.592,2376.0
2578,1583.2157121039927,1583.2271561957896,0.545,2442.0
2579,1583.192823920399,1583.2042680121958,0.543,2454.0
2580,1583.1584916450083,1583.1699357368052,0.82,2472.0
2581,1582.9868302680552,1582.998274359852,0.678,2562.0
2582,1582.3802934028208,1582.3917374946177,0.563,2880.0
2583,1582.277296576649,1582.2887406684458,0.808,2934.0
2584,1582.185743842274,1582.1971879340708,0.654,2982.0
2585,1582.1628556586802,1582.174299750477,0.507,2994.0
2586,1582.1514115668833,1582.1628556586802,0.555,3000.0
2587,1582.1399674750865,1582.1514115668833,0.804,3006.0
2588,1582.1170792914927,1582.1285233832896,0.673,3018.0
2589,1582.0598588325083,1582.0713029243052,0.589,3048.0
2590,1582.0140824653208,1582.0255265571177,0.572,3072.0
2591,1581.9568620063365,1581.9683060981333,0.543,3102.0
2592,1581.899641547352,1581.911085639149,0.531,3132.0
2593,1581.8538651801646,1581.8653092719615,0.541,3156.0
2594,1581.2473283149302,1581.258772406727,0.803,3474.0
2595,1581.1901078559458,1581.2015519477427,0.601,3504.0
2596,1581.1557755805552,1581.167219672352,0.724,3522.0
2597,1581.1443314887583,1581.1557755805552,0.605,3528.0
2598,1581.1099992133677,1581.1214433051646,0.84,3546.0
2599,1581.0642228461802,1581.075666937977,0.539,3570.0
2600,1581.0527787543833,1581.0642228461802,0.581,3576.0
2601,1581.0298905707896,1581.0413346625865,0.503,3588.0
2602,1581.0184464789927,1581.0298905707896,0.615,3594.0
2603,1581.0070023871958,1581.0184464789927,0.762,3600.0
2604,1580.9268937446177,1580.9383378364146,0.734,3642.0
2605,1580.8811173774302,1580.892561469227,0.735,3666.0
2606,1580.8353410102427,1580.8467851020396,0.549,3690.0
2607,1580.801008734852,1580.812452826649,0.608,3708.0
2608,1580.7323441840708,1580.7437882758677,0.522,3744.0
2609,1580.537794623524,1580.5492387153208,0.666,3846.0
2610,1580.2974686957896,1580.3089127875865,0.791,3972.0
2611,1580.2402482368052,1580.251692328602,0.884,4002.0
2612,1580.2288041450083,1580.2402482368052,0.531,4008.0
2613,1580.2173600532115,1580.2288041450083,0.699,4014.0
2614,1580.2059159614146,1580.2173600532115,0.78,4020.0
2615,1580.1830277778208,1580.1944718696177,0.742,4032.0
2616,1580.160139594227,1580.171583686024,0.638,4044.0
2617,1580.1258073188365,1580.1372514106333,0.931,4062.0
2618,1580.1143632270396,1580.1258073188365,0.643,4068.0
2619,1580.0914750434458,1580.1029191352427,0.773,4080.0
2620,1580.068586859852,1580.080030951649,0.555,4092.0
2621,1580.0571427680552,1580.068586859852,0.898,4098.0
2622,1580.0456986762583,1580.0571427680552,0.67,4104.0
2623,1580.0342545844615,1580.0456986762583,0.6,4110.0
2624,1579.9999223090708,1580.0113664008677,0.75,4128.0
2625,1579.988478217274,1579.9999223090708,0.736,4134.0
2626,1579.9655900336802,1579.977034125477,0.536,4146.0
2627,1579.9541459418833,1579.9655900336802,0.883,4152.0
2628,1579.9312577582896,1579.9427018500865,0.74,4164.0
2629,1579.9198136664927,1579.9312577582896,0.55,4170.0
2630,1579.885481391102,1579.896925482899,0.611,4188.0
2631,1579.8740372993052,1579.885481391102,0.601,4194.0
2632,1579.8511491157115,1579.8625932075083,0.885,4206.0
2633,1579.8397050239146,1579.8511491157115,0.655,4212.0
2634,1579.8168168403208,1579.8282609321177,0.557,4224.0
2635,1579.805372748524,1579.8168168403208,0.771,4230.0
2636,1579.793928656727,1579.805372748524,0.917,4236.0
2637,1579.7824845649302,1579.793928656727,0.735,4242.0
2638,1579.7481522895396,1579.7595963813365,0.667,4260.0
2639,1579.6909318305552,1579.702375922352,0.782,4290.0
2640,1579.3590531684458,1579.3704972602427,0.502,4464.0
2641,1579.2903886176646,1579.3018327094615,0.545,4500.0
2642,1579.2789445258677,1579.2903886176646,0.894,4506.0
2643,1579.2331681586802,1579.244612250477,0.521,4530.0
2644,1579.1759476996958,1579.1873917914927,0.749,4560.0
2645,1579.1416154243052,1579.153059516102,0.657,4578.0
2646,1579.1301713325083,1579.1416154243052,0.519,4584.0
2647,1579.1187272407115,1579.1301713325083,0.719,4590.0
2648,1579.072950873524,1579.0843949653208,0.535,4614.0
2649,1579.0386185981333,1579.0500626899302,0.82,4632.0
2650,1579.0157304145396,1579.0271745063365,0.549,4644.0
2651,1578.981398139149,1578.9928422309458,0.545,4662.0
2652,1578.969954047352,1578.981398139149,0.773,4668.0
2653,1578.9585099555552,1578.969954047352,0.791,4674.0
2654,1578.9241776801646,1578.9356217719615,0.731,4692.0
2655,1578.9012894965708,1578.9127335883677,0.611,4704.0
2656,1578.889845404774,1578.9012894965708,0.546,4710.0
2657,1578.878401312977,1578.889845404774,0.603,4716.0
2658,1578.8326249457896,1578.8440690375865,0.636,4740.0
2659,1578.8211808539927,1578.8326249457896,0.798,4746.0
2660,1578.798292670399,1578.8097367621958,0.823,4758.0
2661,1578.7754044868052,1578.786848578602,0.544,4770.0
2662,1578.7639603950083,1578.7754044868052,0.7,4776.0
2663,1578.7181840278208,1578.7296281196177,0.682,4800.0
2664,1578.706739936024,1578.7181840278208,0.596,4806.0
2665,1578.695295844227,1578.706739936024,0.746,4812.0
2666,1578.6838517524302,1578.695295844227,0.557,4818.0
2667,1578.6609635688365,1578.6724076606333,0.559,4830.0
2668,1578.6380753852427,1578.6495194770396,0.555,4842.0
2669,1578.5808549262583,1578.5922990180552,0.517,4872.0
2670,1578.3176408149302,1578.329084906727,0.83,5010.0
2671,1578.3061967231333,1578.3176408149302,0.586,5016.0
2672,1578.2947526313365,1578.3061967231333,0.846,5022.0
2673,1578.2833085395396,1578.2947526313365,0.626,5028.0
2674,1578.237532172352,1578.248976264149,0.77,5052.0
2675,1578.1803117133677,1578.1917558051646,0.588,5082.0
2676,1578.1688676215708,1578.1803117133677,0.546,5088.0
2677,1578.1345353461802,1578.145979437977,0.727,5106.0
2678,1578.1116471625865,1578.1230912543833,0.763,5118.0
2679,1578.1002030707896,1578.1116471625865,0.979,5124.0
2680,1578.0773148871958,1578.0887589789927,0.707,5136.0
2681,1578.0315385200083,1578.0429826118052,0.736,5160.0
2682,1578.0200944282115,1578.0315385200083,0.538,5166.0
2683,1578.0086503364146,1578.0200944282115,0.506,5172.0
2684,1577.9972062446177,1578.0086503364146,0.506,5178.0
2685,1577.974318061024,1577.9857621528208,0.651,5190.0
2686,1577.962873969227,1577.974318061024,0.536,5196.0
2687,1577.9399857856333,1577.9514298774302,0.681,5208.0
2688,1577.882765326649,1577.8942094184458,0.516,5238.0
2689,1577.871321234852,1577.882765326649,0.869,5244.0
2690,1577.8598771430552,1577.871321234852,0.917,5250.0
2691,1577.791212592274,1577.8026566840708,0.954,5286.0
2692,1577.779768500477,1577.791212592274,0.941,5292.0
2693,1577.7568803168833,1577.7683244086802,0.742,5304.0
2694,1577.7454362250865,1577.7568803168833,0.551,5310.0
2695,1577.7225480414927,1577.7339921332896,0.622,5322.0
2696,1577.688215766102,1577.699659857899,0.763,5340.0
2697,1577.6767716743052,1577.688215766102,0.857,5346.0
2698,1577.6424393989146,1577.6538834907115,0.93,5364.0
2699,1577.5852189399302,1577.596663031727,0.545,5394.0
2700,1577.5737748481333,1577.5852189399302,0.94,5400.0
2701,1577.5394425727427,1577.5508866645396,0.618,5418.0
2702,1577.516554389149,1577.5279984809458,0.555,5430.0
2703,1577.4936662055552,1577.505110297352,0.87,5442.0
2704,1577.4707780219615,1577.4822221137583,0.896,5454.0
2705,1577.3677811957896,1577.3792252875865,0.681,5508.0
2706,1577.3105607368052,1577.322004828602,0.579,5538.0
2707,1577.2991166450083,1577.3105607368052,0.747,5544.0
2708,1577.2762284614146,1577.2876725532115,0.93,5556.0
2709,1577.2647843696177,1577.2762284614146,0.842,5562.0
2710,1577.2533402778208,1577.2647843696177,0.68,5568.0
2711,1577.230452094227,1577.241896186024,0.638,5580.0
2712,1577.2190080024302,1577.230452094227,0.742,5586.0
2713,1577.1846757270396,1577.1961198188365,0.513,5604.0
2714,1577.1732316352427,1577.1846757270396,0.596,5610.0
2715,1577.1617875434458,1577.1732316352427,0.626,5616.0
2716,1577.0816789008677,1577.0931229926646,0.572,5658.0
2717,1577.058790717274,1577.0702348090708,0.538,5670.0
2718,1577.0244584418833,1577.0359025336802,0.565,5688.0
2719,1577.0130143500865,1577.0244584418833,0.628,5694.0
2720,1576.967237982899,1576.9786820746958,0.862,5718.0
2721,1576.955793891102,1576.967237982899,0.571,5724.0
2722,1576.9100175239146,1576.9214616157115,0.518,5748.0
2723,1576.8985734321177,1576.9100175239146,0.641,5754.0
2724,1576.8527970649302,1576.864241156727,0.692,5778.0
2725,1576.8184647895396,1576.8299088813365,0.646,5796.0
2726,1576.7955766059458,1576.8070206977427,0.721,5808.0
2727,1576.7269120551646,1576.7383561469615,0.522,5844.0
2728,1576.7154679633677,1576.7269120551646,0.534,5850.0
2729,1576.6582475043833,1576.6696915961802,0.874,5880.0
2730,1576.6353593207896,1576.6468034125865,0.61,5892.0
2731,1576.6239152289927,1576.6353593207896,0.594,5898.0
2732,1576.6124711371958,1576.6239152289927,0.595,5904.0
2733,1576.601027045399,1576.6124711371958,0.687,5910.0
2734,1576.5666947700083,1576.5781388618052,0.652,5928.0
2735,1576.5552506782115,1576.5666947700083,0.659,5934.0
2736,1576.5323624946177,1576.5438065864146,0.851,5946.0
2737,1576.4751420356333,1576.4865861274302,0.708,5976.0
2738,1576.4636979438365,1576.4751420356333,0.715,5982.0
2739,1576.3607011176646,1576.3721452094615,0.582,6036.0
2740,1576.3492570258677,1576.3607011176646,0.64,6042.0
2741,1576.326368842274,1576.3378129340708,0.543,6054.0
2742,1576.2805924750865,1576.2920365668833,0.523,6078.0
2743,1576.2691483832896,1576.2805924750865,0.553,6084.0
2744,1576.2577042914927,1576.2691483832896,0.532,6090.0
2745,1576.223372016102,1576.234816107899,0.631,6108.0
2746,1576.1203751899302,1576.131819281727,0.588,6162.0
2747,1576.0631547309458,1576.0745988227427,0.617,6192.0
2748,1576.0173783637583,1576.0288224555552,0.901,6216.0
2749,1575.960157904774,1575.9716019965708,0.546,6246.0
2750,1575.9258256293833,1575.9372697211802,0.54,6264.0
2751,1575.9143815375865,1575.9258256293833,0.563,6270.0
2752,1575.9029374457896,1575.9143815375865,0.761,6276.0
2753,1575.8914933539927,1575.9029374457896,0.776,6282.0
2754,1575.8800492621958,1575.8914933539927,0.699,6288.0
2755,1575.868605170399,1575.8800492621958,0.586,6294.0
2756,1575.8457169868052,1575.857161078602,0.539,6306.0
2757,1575.8228288032115,1575.8342728950083,0.559,6318.0
2758,1575.8113847114146,1575.8228288032115,0.676,6324.0
2759,1575.7999406196177,1575.8113847114146,0.574,6330.0
2760,1575.7884965278208,1575.7999406196177,0.502,6336.0
2761,1575.765608344227,1575.777052436024,0.676,6348.0
2762,1575.7427201606333,1575.7541642524302,0.553,6360.0
2763,1575.7312760688365,1575.7427201606333,0.782,6366.0
2764,1575.7083878852427,1575.7198319770396,0.769,6378.0
2765,1575.6969437934458,1575.7083878852427,0.813,6384.0
2766,1575.685499701649,1575.6969437934458,0.629,6390.0
2767,1575.674055609852,1575.685499701649,0.74,6396.0
2768,1575.6626115180552,1575.674055609852,0.597,6402.0
2769,1575.6511674262583,1575.6626115180552,0.885,6408.0
2770,1575.6397233344615,1575.6511674262583,0.765,6414.0
2771,1575.6053910590708,1575.6168351508677,0.658,6432.0
2772,1575.593946967274,1575.6053910590708,0.701,6438.0
2773,1575.5710587836802,1575.582502875477,0.558,6450.0
2774,1575.5596146918833,1575.5710587836802,0.765,6456.0
2775,1575.5481706000865,1575.5596146918833,0.542,6462.0
2776,1575.5367265082896,1575.5481706000865,0.943,6468.0
2777,1575.5252824164927,1575.5367265082896,0.986,6474.0
2778,1575.5138383246958,1575.5252824164927,0.666,6480.0
2779,1575.490950141102,1575.502394232899,0.822,6492.0
2780,1575.4795060493052,1575.490950141102,0.695,6498.0
2781,1575.4566178657115,1575.4680619575083,0.624,6510.0
2782,1575.4451737739146,1575.4566178657115,0.679,6516.0
2783,1575.4222855903208,1575.4337296821177,0.518,6528.0
2784,1575.399397406727,1575.410841498524,0.587,6540.0
2785,1575.3879533149302,1575.399397406727,0.58,6546.0
2786,1575.3650651313365,1575.3765092231333,0.881,6558.0
2787,1575.3536210395396,1575.3650651313365,0.777,6564.0
2788,1575.3421769477427,1575.3536210395396,0.965,6570.0
2789,1575.3307328559458,1575.3421769477427,0.762,6576.0
2790,1575.319288764149,1575.3307328559458,0.678,6582.0
2791,1575.307844672352,1575.319288764149,0.91,6588.0
2792,1575.2964005805552,1575.307844672352,0.765,6594.0
2793,1575.2620683051646,1575.2735123969615,0.885,6612.0
2794,1575.2506242133677,1575.2620683051646,0.567,6618.0
2795,1575.2391801215708,1575.2506242133677,0.944,6624.0
2796,1575.227736029774,1575.2391801215708,0.601,6630.0
2797,1575.2048478461802,1575.216291937977,0.719,6642.0
2798,1575.1934037543833,1575.2048478461802,0.665,6648.0
2799,1575.1819596625865,1575.1934037543833,0.72,6654.0
2800,1575.1705155707896,1575.1819596625865,0.608,6660.0
2801,1575.1590714789927,1575.1705155707896,0.55,6666.0
2802,1575.1476273871958,1575.1590714789927,0.629,6672.0
2803,1575.136183295399,1575.1476273871958,0.523,6678.0
2804,1575.124739203602,1575.136183295399,0.555,6684.0
2805,1575.1132951118052,1575.124739203602,0.552,6690.0
2806,1575.1018510200083,1575.1132951118052,0.858,6696.0
2807,1575.0904069282115,1575.1018510200083,0.618,6702.0
2808,1575.0789628364146,1575.0904069282115,0.709,6708.0
2809,1575.0675187446177,1575.0789628364146,0.661,6714.0
2810,1575.044630561024,1575.0560746528208,0.706,6726.0
2811,1575.0102982856333,1575.0217423774302,0.555,6744.0
2812,1574.9988541938365,1575.0102982856333,0.506,6750.0
2813,1574.9874101020396,1574.9988541938365,0.842,6756.0
2814,1574.9759660102427,1574.9874101020396,0.567,6762.0
2815,1574.941633734852,1574.953077826649,0.791,6780.0
2816,1574.9301896430552,1574.941633734852,0.65,6786.0
2817,1574.9187455512583,1574.9301896430552,0.846,6792.0
2818,1574.9073014594615,1574.9187455512583,0.67,6798.0
2819,1574.8844132758677,1574.8958573676646,0.526,6810.0
2820,1574.8729691840708,1574.8844132758677,0.587,6816.0
2821,1574.8271928168833,1574.8386369086802,0.694,6840.0
2822,1574.8043046332896,1574.8157487250865,0.561,6852.0
2823,1574.7928605414927,1574.8043046332896,0.755,6858.0
2824,1574.6898637153208,1574.7013078071177,0.572,6912.0
2825,1574.586866889149,1574.5983109809458,0.616,6966.0
2826,1574.5410905219615,1574.5525346137583,0.503,6990.0
2827,1574.5182023383677,1574.5296464301646,0.894,7002.0
2828,1574.5067582465708,1574.5182023383677,0.517,7008.0
2829,1574.495314154774,1574.5067582465708,0.619,7014.0
2830,1574.4724259711802,1574.483870062977,0.624,7026.0
2831,1574.4380936957896,1574.4495377875865,0.504,7044.0
2832,1574.4152055121958,1574.4266496039927,0.861,7056.0
2833,1574.403761420399,1574.4152055121958,0.698,7062.0
2834,1574.3465409614146,1574.3579850532115,0.576,7092.0
2835,1574.312208686024,1574.3236527778208,0.835,7110.0
2836,1574.300764594227,1574.312208686024,0.581,7116.0
2837,1574.2778764106333,1574.2893205024302,0.774,7128.0
2838,1574.2664323188365,1574.2778764106333,0.56,7134.0
2839,1574.2435441352427,1574.2549882270396,0.561,7146.0
2840,1574.220655951649,1574.2321000434458,0.572,7158.0
2841,1574.209211859852,1574.220655951649,0.504,7164.0
2842,1574.1977677680552,1574.209211859852,0.518,7170.0
2843,1574.1748795844615,1574.1863236762583,0.613,7182.0
2844,1574.1634354926646,1574.1748795844615,0.738,7188.0
2845,1574.129103217274,1574.1405473090708,0.642,7206.0
2846,1574.0718827582896,1574.0833268500865,0.592,7236.0
2847,1574.0489945746958,1574.0604386664927,0.62,7248.0
2848,1573.9917741157115,1574.0032182075083,0.501,7278.0
2849,1573.9688859321177,1573.9803300239146,0.669,7290.0
2850,1573.9574418403208,1573.9688859321177,0.582,7296.0
2851,1573.934553656727,1573.945997748524,0.528,7308.0
2852,1573.9231095649302,1573.934553656727,0.509,7314.0
2853,1573.9116654731333,1573.9231095649302,0.672,7320.0
2854,1573.9002213813365,1573.9116654731333,0.671,7326.0
2855,1573.8887772895396,1573.9002213813365,0.644,7332.0
2856,1573.8658891059458,1573.8773331977427,0.635,7344.0
2857,1573.843000922352,1573.854445014149,0.621,7356.0
2858,1573.8086686469615,1573.8201127387583,0.57,7374.0
2859,1573.7857804633677,1573.7972245551646,0.542,7386.0
2860,1573.7285600043833,1573.7400040961802,0.542,7416.0
2861,1573.6942277289927,1573.7056718207896,0.748,7434.0
2862,1573.6827836371958,1573.6942277289927,0.621,7440.0
2863,1573.6484513618052,1573.659895453602,0.595,7458.0
2864,1573.6026749946177,1573.6141190864146,0.599,7482.0
2865,1573.5912309028208,1573.6026749946177,0.907,7488.0
2866,1573.579786811024,1573.5912309028208,0.512,7494.0
2867,1573.568342719227,1573.579786811024,0.82,7500.0
2868,1573.5340104438365,1573.5454545356333,0.597,7518.0
2869,1573.5111222602427,1573.5225663520396,0.549,7530.0
2870,1573.4653458930552,1573.476789984852,0.808,7554.0
2871,1573.1906876899302,1573.202131781727,0.913,7698.0
2872,1573.1677995063365,1573.1792435981333,0.518,7710.0
2873,1573.1563554145396,1573.1677995063365,0.689,7716.0
2874,1573.1449113227427,1573.1563554145396,0.642,7722.0
2875,1573.1334672309458,1573.1449113227427,0.533,7728.0
2876,1573.0991349555552,1573.110579047352,0.549,7746.0
2877,1573.0876908637583,1573.0991349555552,0.518,7752.0
2878,1573.0762467719615,1573.0876908637583,0.801,7758.0
2879,1573.0648026801646,1573.0762467719615,0.533,7764.0
2880,1573.0419144965708,1573.0533585883677,0.518,7776.0
2881,1572.9961381293833,1573.0075822211802,0.542,7800.0
2882,1572.9846940375865,1572.9961381293833,0.624,7806.0
2883,1572.9618058539927,1572.9732499457896,0.532,7818.0
2884,1572.9503617621958,1572.9618058539927,0.652,7824.0
2885,1572.938917670399,1572.9503617621958,0.777,7830.0
2886,1572.927473578602,1572.938917670399,0.501,7836.0
2887,1572.9160294868052,1572.927473578602,0.825,7842.0
2888,1572.8931413032115,1572.9045853950083,0.58,7854.0
2889,1572.8588090278208,1572.8702531196177,0.864,7872.0
2890,1572.847364936024,1572.8588090278208,0.685,7878.0
2891,1572.835920844227,1572.847364936024,0.591,7884.0
2892,1572.8244767524302,1572.835920844227,0.704,7890.0
2893,1572.8130326606333,1572.8244767524302,0.627,7896.0
2894,1572.8015885688365,1572.8130326606333,0.582,7902.0
2895,1572.7901444770396,1572.8015885688365,0.516,7908.0
2896,1572.7672562934458,1572.7787003852427,0.645,7920.0
2897,1572.7329240180552,1572.744368109852,0.845,7938.0
2898,1572.7100358344615,1572.7214799262583,0.522,7950.0
2899,1572.6985917426646,1572.7100358344615,0.72,7956.0
2900,1572.6757035590708,1572.6871476508677,0.541,7968.0
2901,1572.664259467274,1572.6757035590708,0.817,7974.0
2902,1572.6413712836802,1572.652815375477,0.619,7986.0
2903,1572.6299271918833,1572.6413712836802,0.884,7992.0
2904,1572.6184831000865,1572.6299271918833,0.615,7998.0
2905,1572.6070390082896,1572.6184831000865,0.933,8004.0
2906,1572.572706732899,1572.5841508246958,0.742,8022.0
2907,1572.561262641102,1572.572706732899,0.902,8028.0
2908,1572.5498185493052,1572.561262641102,0.92,8034.0
2909,1572.5269303657115,1572.5383744575083,0.8,8046.0
2910,1572.5154862739146,1572.5269303657115,0.781,8052.0
2911,1572.4582658149302,1572.469709906727,0.695,8082.0
2912,1572.2179398871958,1572.2293839789927,0.692,8208.0
2913,1572.206495795399,1572.2179398871958,0.569,8214.0
2914,1572.1492753364146,1572.1607194282115,0.73,8244.0
2915,1572.1378312446177,1572.1492753364146,0.767,8250.0
2916,1572.103498969227,1572.114943061024,0.671,8268.0
2917,1572.0920548774302,1572.103498969227,0.719,8274.0
2918,1572.0806107856333,1572.0920548774302,0.617,8280.0
2919,1572.0577226020396,1572.0691666938365,0.557,8292.0
2920,1572.0348344184458,1572.0462785102427,0.549,8304.0
2921,1572.0005021430552,1572.011946234852,0.55,8322.0
2922,1571.9776139594615,1571.9890580512583,0.651,8334.0
2923,1571.9547257758677,1571.9661698676646,0.516,8346.0
2924,1571.9432816840708,1571.9547257758677,0.586,8352.0
2925,1571.920393500477,1571.931837592274,0.674,8364.0
2926,1571.8746171332896,1571.8860612250865,0.591,8388.0
2927,1571.7601762153208,1571.7716203071177,0.587,8448.0
2928,1571.7143998481333,1571.7258439399302,0.915,8472.0
2929,1571.7029557563365,1571.7143998481333,0.903,8478.0
2930,1571.6915116645396,1571.7029557563365,0.52,8484.0
2931,1571.6800675727427,1571.6915116645396,0.542,8490.0
2932,1571.6686234809458,1571.6800675727427,0.704,8496.0
2933,1571.657179389149,1571.6686234809458,0.531,8502.0
2934,1571.6342912055552,1571.645735297352,0.837,8514.0
2935,1571.6228471137583,1571.6342912055552,0.623,8520.0
2936,1571.6114030219615,1571.6228471137583,0.616,8526.0
2937,1571.5999589301646,1571.6114030219615,0.898,8532.0
2938,1571.5312943793833,1571.5427384711802,0.552,8568.0
2939,1571.1421952582896,1571.1536393500865,0.544,8772.0
2940,1571.107862982899,1571.1193070746958,0.636,8790.0
2941,1571.0277543403208,1571.0391984321177,0.892,8832.0
2942,1570.9934220649302,1571.004866156727,0.677,8850.0
2943,1570.9362016059458,1570.9476456977427,0.885,8880.0
2944,1570.924757514149,1570.9362016059458,0.625,8886.0
2945,1570.913313422352,1570.924757514149,0.526,8892.0
2946,1570.8789811469615,1570.8904252387583,0.569,8910.0
2947,1570.8560929633677,1570.8675370551646,0.66,8922.0
2948,1570.8446488715708,1570.8560929633677,0.595,8928.0
2949,1570.821760687977,1570.833204779774,0.629,8940.0
2950,1570.8103165961802,1570.821760687977,0.6,8946.0
2951,1570.7874284125865,1570.7988725043833,0.656,8958.0
2952,1570.7759843207896,1570.7874284125865,0.682,8964.0
2953,1570.7645402289927,1570.7759843207896,0.939,8970.0
2954,1570.7530961371958,1570.7645402289927,0.592,8976.0
2955,1570.6958756782115,1570.7073197700083,0.657,9006.0
2956,1570.6615434028208,1570.6729874946177,0.924,9024.0
2957,1570.650099311024,1570.6615434028208,0.861,9030.0
2958,1570.5814347602427,1570.5928788520396,0.594,9066.0
2959,1570.5699906684458,1570.5814347602427,0.564,9072.0
2960,1570.5127702094615,1570.5242143012583,0.662,9102.0
2961,1570.3067765571177,1570.3182206489146,0.514,9210.0
2962,1570.0664506293833,1570.0778947211802,0.747,9336.0
2963,1569.9520097114146,1569.9634538032115,0.677,9396.0
2964,1569.9405656196177,1569.9520097114146,0.592,9402.0
2965,1569.9291215278208,1569.9405656196177,0.602,9408.0
2966,1569.906233344227,1569.917677436024,0.655,9420.0
2967,1569.8604569770396,1569.8719010688365,0.785,9444.0
2968,1569.826124701649,1569.8375687934458,0.758,9462.0
2969,1569.814680609852,1569.826124701649,0.627,9468.0
2970,1569.8032365180552,1569.814680609852,0.751,9474.0
2971,1569.7917924262583,1569.8032365180552,0.896,9480.0
2972,1569.7689042426646,1569.7803483344615,0.574,9492.0
2973,1569.7460160590708,1569.7574601508677,0.671,9504.0
2974,1569.723127875477,1569.734571967274,0.592,9516.0
2975,1569.6887956000865,1569.7002396918833,0.518,9534.0
2976,1569.6544633246958,1569.6659074164927,0.61,9552.0
2977,1569.643019232899,1569.6544633246958,0.573,9558.0
2978,1569.631575141102,1569.643019232899,0.615,9564.0
2979,1569.5972428657115,1569.6086869575083,0.583,9582.0
2980,1569.5857987739146,1569.5972428657115,0.889,9588.0
2981,1569.5743546821177,1569.5857987739146,0.596,9594.0
2982,1569.4713578559458,1569.4828019477427,0.584,9648.0
2983,1569.356916937977,1569.368361029774,0.659,9708.0
2984,1568.9792619086802,1568.990706000477,0.625,9906.0
2985,1568.910597357899,1568.9220414496958,0.903,9942.0
2986,1568.8762650825083,1568.8877091743052,0.857,9960.0
2987,1568.7503800727427,1568.7618241645396,0.815,10026.0
2988,1568.727491889149,1568.7389359809458,0.818,10038.0
2989,1568.6931596137583,1568.7046037055552,0.771,10056.0
2990,1568.6473832465708,1568.6588273383677,0.775,10080.0
2991,1568.544386420399,1568.5558305121958,0.517,10134.0
2992,1568.5214982368052,1568.532942328602,0.532,10146.0
2993,1567.892073187977,1567.903517279774,0.584,10476.0
2994,1567.8691850043833,1567.8806290961802,0.528,10488.0
2995,1567.8577409125865,1567.8691850043833,0.763,10494.0
2996,1567.8462968207896,1567.8577409125865,0.605,10500.0
2997,1567.800520453602,1567.811964545399,0.597,10524.0
2998,1567.6403031684458,1567.6517472602427,0.593,10608.0
2999,1567.262648139149,1567.2740922309458,0.602,10806.0
3000,1566.9193253852427,1566.9307694770396,0.569,10986.0
3001,1566.9078812934458,1566.9193253852427,0.508,10992.0
3002,1566.7247758246958,1566.7362199164927,0.599,11088.0
3003,1566.621778998524,1566.6332230903208,0.813,11142.0
3004,1565.5918107368052,1565.603254828602,0.653,11682.0
3005,1562.8795609809458,1562.8910050727427,0.609,13104.0
3006,1562.7880082465708,1562.7994523383677,0.699,13152.0
3007,1562.6506791450083,1562.6621232368052,0.745,13224.0
3008,1562.1585831977427,1562.1700272895396,0.54,13482.0
3009,1562.044142279774,1562.0555863715708,0.551,13542.0
3010,1561.9182572700083,1561.9297013618052,0.682,13608.0
3011,1561.7351518012583,1561.7465958930552,0.645,13704.0
3012,1561.6893754340708,1561.7008195258677,0.509,13728.0
3013,1561.1057267524302,1561.117170844227,0.532,14034.0
3014,1560.853956732899,1560.8654008246958,0.512,14166.0
3015,1560.8310685493052,1560.842512641102,0.55,14178.0
3016,1560.750959906727,1560.762403998524,0.616,14220.0
3017,1560.6479630805552,1560.659407172352,0.602,14274.0
3018,1560.5564103461802,1560.567854437977,0.551,14322.0
3019,1560.5106339789927,1560.5220780707896,0.501,14346.0
3020,1560.304640326649,1560.3160844184458,0.712,14454.0
3021,1560.201643500477,1560.213087592274,0.592,14508.0
3022,1559.6981034614146,1559.7095475532115,0.86,14772.0
3023,1559.6408830024302,1559.652327094227,0.616,14802.0
3024,1559.5951066352427,1559.6065507270396,0.563,14826.0
3025,1559.5836625434458,1559.5951066352427,0.661,14832.0
3026,1558.0730424262583,1558.0844865180552,0.507,15624.0
3027,1557.9471574164927,1557.9586015082896,0.527,15690.0
3028,1557.924269232899,1557.9357133246958,0.724,15702.0
3029,1557.5237260200083,1557.5351701118052,0.625,15912.0
3030,1557.466505561024,1557.4779496528208,0.725,15942.0
3031,1557.455061469227,1557.466505561024,0.537,15948.0
3032,1557.3863969184458,1557.3978410102427,0.529,15984.0
3033,1556.8485246039927,1556.8599686957896,0.65,16266.0
3034,1556.6196427680552,1556.631086859852,0.506,16386.0
3035,1556.4365372993052,1556.447981391102,0.503,16482.0
3036,1554.9602494575083,1554.9716935493052,0.599,17256.0
3037,1554.800032172352,1554.811476264149,0.523,17340.0
3038,1554.5825944282115,1554.5940385200083,0.539,17454.0
3039,1554.4109330512583,1554.4223771430552,0.52,17544.0
3040,1554.3651566840708,1554.3766007758677,0.541,17568.0
3041,1554.170607123524,1554.1820512153208,0.565,17670.0
3042,1551.229475531727,1551.240919623524,0.579,19212.0
3043,1551.1722550727427,1551.1836991645396,0.666,19242.0
3044,1551.0120377875865,1551.0234818793833,0.506,19326.0
3045,1550.2109513618052,1550.222395453602,0.53,19746.0
3046,1549.3412003852427,1549.3526444770396,0.501,20202.0
3047,1548.1739030219615,1548.1853471137583,0.58,20814.0
3048,1547.7848039008677,1547.7962479926646,0.54,21018.0
3049,1547.7733598090708,1547.7848039008677,0.711,21024.0
3050,1547.761915717274,1547.7733598090708,0.526,21030.0
3051,1547.750471625477,1547.761915717274,0.589,21036.0
3052,1547.7390275336802,1547.750471625477,0.58,21042.0
3053,1547.7275834418833,1547.7390275336802,0.651,21048.0
3054,1547.7161393500865,1547.7275834418833,0.558,21054.0
3055,1547.7046952582896,1547.7161393500865,0.751,21060.0
3056,1547.6932511664927,1547.7046952582896,0.681,21066.0
3057,1547.6818070746958,1547.6932511664927,0.603,21072.0
3058,1547.670362982899,1547.6818070746958,0.621,21078.0
3059,1547.6474747993052,1547.658918891102,0.595,21090.0
3060,1547.6131425239146,1547.6245866157115,0.662,21108.0
3061,1547.3728165961802,1547.384260687977,0.57,21234.0
3062,1547.2354874946177,1547.2469315864146,0.69,21306.0
3063,1547.2240434028208,1547.2354874946177,0.514,21312.0
3064,1547.1439347602427,1547.1553788520396,0.508,21354.0
3065,1547.109602484852,1547.121046576649,0.544,21372.0
3066,1547.0981583930552,1547.109602484852,0.722,21378.0
3067,1547.0867143012583,1547.0981583930552,0.698,21384.0
3068,1546.7319474555552,1546.743391547352,0.772,21570.0
3069,1546.1482987739146,1546.1597428657115,0.579,21876.0
3070,1545.6333146430552,1545.644758734852,0.567,22146.0
3071,1545.2098832465708,1545.2213273383677,0.573,22368.0
3072,1545.198439154774,1545.2098832465708,0.641,22374.0
3073,1545.095442328602,1545.106886420399,0.862,22428.0
3074,1545.0839982368052,1545.095442328602,0.582,22434.0
3075,1545.0725541450083,1545.0839982368052,0.559,22440.0
3076,1545.0611100532115,1545.0725541450083,0.619,22446.0
3077,1544.8551164008677,1544.8665604926646,0.681,22554.0
3078,1544.6262345649302,1544.637678656727,0.668,22674.0
3079,1544.1112504340708,1544.1226945258677,0.77,22944.0
3080,1544.0654740668833,1544.0769181586802,0.712,22968.0
3081,1544.0425858832896,1544.0540299750865,0.693,22980.0
3082,1542.8524003364146,1542.8638444282115,0.518,23604.0
3083,1542.6006303168833,1542.6120744086802,0.542,23736.0
3084,1542.451857123524,1542.4633012153208,0.642,23814.0
3085,1542.360304389149,1542.3717484809458,0.502,23862.0
3086,1542.348860297352,1542.360304389149,0.669,23868.0
3087,1542.3259721137583,1542.3374162055552,0.651,23880.0
3088,1542.0627580024302,1542.074202094227,0.675,24018.0
3089,1541.6965470649302,1541.707991156727,0.72,24210.0
3090,1541.0099015571177,1541.0213456489146,0.555,24570.0
3091,1540.6436906196177,1540.6551347114146,0.67,24762.0
3092,1540.4720292426646,1540.4834733344615,0.524,24852.0
3093,1540.2889237739146,1540.3003678657115,0.622,24948.0
3094,1540.2317033149302,1540.243147406727,0.512,24978.0
3095,1539.8998246528208,1539.9112687446177,0.625,25152.0
3096,1538.3777604438365,1538.3892045356333,0.604,25950.0
3097,1537.8398881293833,1537.8513322211802,0.567,26232.0
3098,1535.951612982899,1535.9630570746958,0.618,27222.0
3099,1535.8943925239146,1535.9058366157115,0.64,27252.0
3100,1535.116194281727,1535.127638373524,0.523,27660.0
3101,1535.036085639149,1535.0475297309458,0.637,27702.0
3102,1533.2622514106333,1533.2736955024302,0.64,28632.0
3103,1531.9004044868052,1531.911848578602,0.624,29346.0
3104,1531.7058549262583,1531.7172990180552,0.524,29448.0
3105,1642.1585069037974,1642.1699509955943,0.567,1110.0
3106,1642.1470628120005,1642.1585069037974,0.639,1116.0
3107,1642.1356187202036,1642.1470628120005,0.622,1122.0
3108,1639.6064744330943,1639.6179185248911,0.606,2448.0
3109,1638.0615220405161,1638.072966132313,0.54,3258.0
3110,1638.0386338569224,1638.0500779487193,0.693,3270.0
3111,1635.8413682319224,1635.8528123237193,0.642,4422.0
3112,1633.3808884955943,1633.3923325873911,0.689,5712.0
3113,1633.2435593940318,1633.2550034858286,0.801,5784.0
3114,1633.1520066596568,1633.1634507514536,0.547,5832.0
3115,1633.14056256786,1633.1520066596568,0.605,5838.0
3116,1631.8702683784068,1631.8817124702036,0.608,6504.0
3117,1628.8146958686411,1628.826139960438,0.516,8106.0
3118,1628.0822739936411,1628.093718085438,0.661,8490.0
3119,1627.3956284858286,1627.4070725776255,0.691,8850.0
3120,1627.3841843940318,1627.3956284858286,0.633,8856.0
3121,1627.28118756786,1627.2926316596568,0.55,8910.0
3122,1627.2582993842661,1627.269743476063,0.86,8922.0
3123,1627.2354112006724,1627.2468552924693,0.678,8934.0
3124,1627.2239671088755,1627.2354112006724,0.699,8940.0
3125,1627.2010789252818,1627.2125230170786,0.926,8952.0
3126,1627.178190741688,1627.189634833485,0.73,8964.0
3127,1627.1667466498911,1627.178190741688,0.686,8970.0
3128,1627.1553025580943,1627.1667466498911,0.698,8976.0
3129,1627.1324143745005,1627.1438584662974,0.69,8988.0
3130,1627.1209702827036,1627.1324143745005,0.724,8994.0
3131,1627.1095261909068,1627.1209702827036,0.7,9000.0
3132,1627.09808209911,1627.1095261909068,0.539,9006.0
3133,1626.7662034370005,1626.7776475287974,0.708,9180.0
3134,1626.7547593452036,1626.7662034370005,0.717,9186.0
3135,1626.7089829780161,1626.720427069813,0.681,9210.0
3136,1626.6860947944224,1626.6975388862193,0.665,9222.0
3137,1626.6517625190318,1626.6632066108286,0.621,9240.0
3138,1626.640318427235,1626.6517625190318,0.646,9246.0
3139,1626.6174302436411,1626.628874335438,0.651,9258.0
3140,1626.5945420600474,1626.6059861518443,0.601,9270.0
3141,1626.5830979682505,1626.5945420600474,0.601,9276.0
3142,1626.5144334174693,1626.5258775092661,0.512,9312.0
3143,1626.5029893256724,1626.5144334174693,0.552,9318.0
3144,1626.457212958485,1626.4686570502818,0.75,9342.0
3145,1626.445768866688,1626.457212958485,0.664,9348.0
3146,1626.2969956733286,1626.3084397651255,0.598,9426.0
3147,1626.2512193061411,1626.262663397938,0.848,9450.0
3148,1626.1253342963755,1626.1367783881724,0.616,9516.0
3149,1626.1024461127818,1626.1138902045786,0.627,9528.0
3150,1626.091002020985,1626.1024461127818,0.671,9534.0
3151,1625.9422288276255,1625.9536729194224,0.636,9612.0
3152,1625.896452460438,1625.907896552235,0.527,9636.0
3153,1625.8850083686411,1625.896452460438,0.534,9642.0
3154,1625.81634381786,1625.8277879096568,0.675,9678.0
3155,1625.804899726063,1625.81634381786,0.689,9684.0
3156,1625.7705674506724,1625.7820115424693,0.655,9702.0
3157,1625.6103501655161,1625.621794257313,0.783,9786.0
3158,1625.5874619819224,1625.5989060737193,0.885,9798.0
3159,1625.5531297065318,1625.5645737983286,0.697,9816.0
3160,1625.5073533393443,1625.5187974311411,0.617,9840.0
3161,1625.4272446967661,1625.438688788563,0.918,9882.0
3162,1625.3013596870005,1625.3128037787974,0.575,9948.0
3163,1625.2212510444224,1625.2326951362193,0.591,9990.0
3164,1625.175474677235,1625.1869187690318,0.521,10014.0
3165,1625.1068101264536,1625.1182542182505,0.503,10050.0
3166,1625.0267014838755,1625.0381455756724,0.613,10092.0
3167,1624.9694810248911,1624.980925116688,0.736,10122.0
3168,1624.8779282905161,1624.889372382313,0.551,10170.0
3169,1624.8550401069224,1624.8664841987193,0.594,10182.0
3170,1624.8435960151255,1624.8550401069224,0.721,10188.0
3171,1624.7749314643443,1624.7863755561411,0.619,10224.0
3172,1624.6604905463755,1624.6719346381724,0.534,10284.0
3173,1624.5803819037974,1624.5918259955943,0.622,10326.0
3174,1624.53460553661,1624.5460496284068,0.552,10350.0
3175,1624.5117173530161,1624.523161444813,0.698,10362.0
3176,1624.5002732612193,1624.5117173530161,0.705,10368.0
3177,1624.4201646186411,1624.431608710438,0.784,10410.0
3178,1624.4087205268443,1624.4201646186411,0.594,10416.0
3179,1624.3972764350474,1624.4087205268443,0.517,10422.0
3180,1624.3171677924693,1624.3286118842661,0.705,10464.0
3181,1624.248503241688,1624.259947333485,0.617,10500.0
3182,1624.2141709662974,1624.2256150580943,0.78,10518.0
3183,1624.2027268745005,1624.2141709662974,0.867,10524.0
3184,1624.16839459911,1624.1798386909068,0.714,10542.0
3185,1624.1340623237193,1624.1455064155161,0.644,10560.0
3186,1624.1226182319224,1624.1340623237193,0.535,10566.0
3187,1624.0882859565318,1624.0997300483286,0.583,10584.0
3188,1624.076841864735,1624.0882859565318,0.875,10590.0
3189,1624.0425095893443,1624.0539536811411,0.732,10608.0
3190,1624.0310654975474,1624.0425095893443,0.666,10614.0
3191,1623.9967332221568,1624.0081773139536,0.669,10632.0
3192,1623.7678513862193,1623.7792954780161,0.704,10752.0
3193,1623.516081366688,1623.527525458485,0.556,10884.0
3194,1623.4474168159068,1623.4588609077036,0.521,10920.0
3195,1623.3215318061411,1623.332975897938,0.833,10986.0
3196,1623.2871995307505,1623.2986436225474,0.623,11004.0
3197,1623.2757554389536,1623.2871995307505,0.617,11010.0
3198,1623.1956467963755,1623.2070908881724,0.846,11052.0
3199,1623.1384263373911,1623.149870429188,0.666,11082.0
3200,1623.1155381537974,1623.1269822455943,0.508,11094.0
3201,1623.0812058784068,1623.0926499702036,0.75,11112.0
3202,1623.0354295112193,1623.0468736030161,0.909,11136.0
3203,1622.966764960438,1622.978209052235,0.675,11172.0
3204,1622.9324326850474,1622.9438767768443,0.569,11190.0
3205,1622.8294358588755,1622.8408799506724,0.595,11244.0
3206,1622.783659491688,1622.795103583485,0.697,11268.0
3207,1622.70355084911,1622.7149949409068,0.526,11310.0
3208,1622.6692185737193,1622.6806626655161,0.755,11328.0
3209,1622.6348862983286,1622.6463303901255,0.725,11346.0
3210,1622.6234422065318,1622.6348862983286,0.626,11352.0
3211,1622.600554022938,1622.611998114735,0.628,11364.0
3212,1622.509001288563,1622.52044538036,0.567,11412.0
3213,1622.4517808295786,1622.4632249213755,0.706,11442.0
3214,1622.428892645985,1622.4403367377818,0.667,11454.0
3215,1622.3831162787974,1622.3945603705943,0.75,11478.0
3216,1622.2915635444224,1622.3030076362193,0.661,11526.0
3217,1622.2801194526255,1622.2915635444224,0.895,11532.0
3218,1622.245787177235,1622.2572312690318,0.591,11550.0
3219,1622.2000108100474,1622.2114549018443,0.67,11574.0
3220,1622.1656785346568,1622.1771226264536,0.772,11592.0
3221,1622.142790351063,1622.15423444286,0.586,11604.0
3222,1622.0741258002818,1622.0855698920786,0.922,11640.0
3223,1622.0169053412974,1622.0283494330943,0.573,11670.0
3224,1621.9940171577036,1622.0054612495005,0.712,11682.0
3225,1621.97112897411,1621.9825730659068,0.627,11694.0
3226,1621.7536912299693,1621.7651353217661,0.673,11808.0
3227,1621.3874802924693,1621.3989243842661,0.53,12000.0
3228,1621.2959275580943,1621.3073716498911,0.51,12048.0
3229,1621.2730393745005,1621.2844834662974,0.528,12060.0
3230,1621.2615952827036,1621.2730393745005,0.715,12066.0
3231,1621.2501511909068,1621.2615952827036,0.921,12072.0
3232,1621.23870709911,1621.2501511909068,0.536,12078.0
3233,1621.2043748237193,1621.2158189155161,0.797,12096.0
3234,1621.1929307319224,1621.2043748237193,0.602,12102.0
3235,1621.1814866401255,1621.1929307319224,0.803,12108.0
3236,1621.1585984565318,1621.1700425483286,0.915,12120.0
3237,1621.1242661811411,1621.135710272938,0.566,12138.0
3238,1621.0899339057505,1621.1013779975474,0.706,12156.0
3239,1621.0784898139536,1621.0899339057505,0.707,12162.0
3240,1621.0670457221568,1621.0784898139536,0.703,12168.0
3241,1621.05560163036,1621.0670457221568,0.532,12174.0
3242,1620.952604804188,1620.964048895985,0.59,12228.0
3243,1620.780943427235,1620.7923875190318,0.568,12318.0
3244,1620.7008347846568,1620.7122788764536,0.609,12360.0
3245,1620.6321702338755,1620.6436143256724,0.933,12396.0
3246,1620.6207261420786,1620.6321702338755,0.738,12402.0
3247,1620.50628522411,1620.5177293159068,0.623,12462.0
3248,1620.4605088569224,1620.4719529487193,0.653,12486.0
3249,1620.3804002143443,1620.3918443061411,0.515,12528.0
3250,1620.3689561225474,1620.3804002143443,0.736,12534.0
3251,1620.3460679389536,1620.3575120307505,0.707,12546.0
3252,1620.1744065620005,1620.1858506537974,0.506,12636.0
3253,1620.0714097358286,1620.0828538276255,0.512,12690.0
3254,1620.0599656440318,1620.0714097358286,0.687,12696.0
3255,1620.0141892768443,1620.0256333686411,0.666,12720.0
3256,1619.8310838080943,1619.8425278998911,0.528,12816.0
3257,1619.7509751655161,1619.762419257313,0.644,12858.0
3258,1619.6937547065318,1619.7051987983286,0.508,12888.0
3259,1619.6479783393443,1619.6594224311411,0.57,12912.0
3260,1619.6136460639536,1619.6250901557505,0.681,12930.0
3261,1619.499205145985,1619.5106492377818,0.679,12990.0
3262,1619.4534287787974,1619.4648728705943,0.618,13014.0
3263,1619.40765241161,1619.4190965034068,0.608,13038.0
3264,1619.3733201362193,1619.3847642280161,0.741,13056.0
3265,1619.316099677235,1619.3275437690318,0.7,13086.0
3266,1619.2932114936411,1619.304655585438,0.686,13098.0
3267,1619.2474351264536,1619.2588792182505,0.523,13122.0
3268,1619.0872178412974,1619.0986619330943,0.556,13206.0
3269,1619.029997382313,1619.04144147411,0.56,13236.0
3270,1619.0185532905161,1619.029997382313,0.636,13242.0
3271,1618.949888739735,1618.9613328315318,0.608,13278.0
3272,1618.8697800971568,1618.8812241889536,0.826,13320.0
3273,1618.8240037299693,1618.8354478217661,0.689,13344.0
3274,1618.8011155463755,1618.8125596381724,0.592,13356.0
3275,1618.7782273627818,1618.7896714545786,0.693,13368.0
3276,1618.766783270985,1618.7782273627818,0.509,13374.0
3277,1618.7095628120005,1618.7210069037974,0.535,13404.0
3278,1618.572233710438,1618.583677802235,0.556,13476.0
3279,1618.5607896186411,1618.572233710438,0.525,13482.0
3280,1618.49212506786,1618.5035691596568,0.782,13518.0
3281,1618.4463487006724,1618.4577927924693,0.632,13542.0
3282,1618.4120164252818,1618.4234605170786,0.546,13560.0
3283,1618.389128241688,1618.400572333485,0.515,13572.0
3284,1618.3204636909068,1618.3319077827036,0.523,13608.0
3285,1618.30901959911,1618.3204636909068,0.52,13614.0
3286,1618.297575507313,1618.30901959911,0.552,13620.0
3287,1618.2861314155161,1618.297575507313,0.911,13626.0
3288,1618.2517991401255,1618.2632432319224,0.918,13644.0
3289,1618.217466864735,1618.2289109565318,0.57,13662.0
3290,1618.1488023139536,1618.1602464057505,0.514,13698.0
3291,1618.12591413036,1618.1373582221568,0.748,13710.0
3292,1618.0915818549693,1618.1030259467661,0.605,13728.0
3293,1618.0801377631724,1618.0915818549693,0.624,13734.0
3294,1618.0686936713755,1618.0801377631724,0.644,13740.0
3295,1618.0114732123911,1618.022917304188,0.742,13770.0
3296,1618.0000291205943,1618.0114732123911,0.727,13776.0
3297,1617.9771409370005,1617.9885850287974,0.548,13788.0
3298,1617.9542527534068,1617.9656968452036,0.706,13800.0
3299,1617.931364569813,1617.94280866161,0.571,13812.0
3300,1617.9084763862193,1617.9199204780161,0.8,13824.0
3301,1617.8970322944224,1617.9084763862193,0.635,13830.0
3302,1617.839811835438,1617.851255927235,0.732,13860.0
3303,1617.8283677436411,1617.839811835438,0.714,13866.0
3304,1617.8054795600474,1617.8169236518443,0.629,13878.0
3305,1617.7711472846568,1617.7825913764536,0.845,13896.0
3306,1617.748259101063,1617.75970319286,0.535,13908.0
3307,1617.668150458485,1617.6795945502818,0.726,13950.0
3308,1617.6452622748911,1617.656706366688,0.566,13962.0
3309,1617.6223740912974,1617.6338181830943,0.582,13974.0
3310,1617.5880418159068,1617.5994859077036,0.867,13992.0
3311,1617.5537095405161,1617.565153632313,0.71,14010.0
3312,1617.5422654487193,1617.5537095405161,0.651,14016.0
3313,1617.5308213569224,1617.5422654487193,0.877,14022.0
3314,1617.4392686225474,1617.4507127143443,0.647,14070.0
3315,1617.2447190620005,1617.2561631537974,0.838,14172.0
3316,1617.2218308784068,1617.2332749702036,0.694,14184.0
3317,1617.1531663276255,1617.1646104194224,0.807,14220.0
3318,1617.118834052235,1617.1302781440318,0.515,14238.0
3319,1617.0959458686411,1617.107389960438,0.52,14250.0
3320,1617.0730576850474,1617.0845017768443,0.651,14262.0
3321,1617.015837226063,1617.02728131786,0.858,14292.0
3322,1616.9700608588755,1616.9815049506724,0.631,14316.0
3323,1616.9471726752818,1616.9586167670786,0.867,14328.0
3324,1616.924284491688,1616.935728583485,0.549,14340.0
3325,1616.7068467475474,1616.7182908393443,0.537,14454.0
3326,1616.6839585639536,1616.6954026557505,0.712,14466.0
3327,1616.6381821967661,1616.649626288563,0.737,14490.0
3328,1616.5924058295786,1616.6038499213755,0.937,14514.0
3329,1616.558073554188,1616.569517645985,0.876,14532.0
3330,1616.5237412787974,1616.5351853705943,0.771,14550.0
3331,1616.47796491161,1616.4894090034068,0.902,14574.0
3332,1616.4321885444224,1616.4436326362193,0.898,14598.0
3333,1616.374968085438,1616.386412177235,0.802,14628.0
3334,1616.3063035346568,1616.3177476264536,0.846,14664.0
3335,1616.2261948920786,1616.2376389838755,0.725,14706.0
3336,1616.1460862495005,1616.1575303412974,0.622,14748.0
3337,1616.0659776069224,1616.0774216987193,0.894,14790.0
3338,1616.020201239735,1616.0316453315318,0.604,14814.0
3339,1616.008757147938,1616.020201239735,0.55,14820.0
3340,1615.9858689643443,1615.9973130561411,0.527,14832.0
3341,1615.9744248725474,1615.9858689643443,0.717,14838.0
3342,1615.8828721381724,1615.8943162299693,0.615,14886.0
3343,1615.7913194037974,1615.8027634955943,0.805,14934.0
3344,1615.7226548530161,1615.734098944813,0.61,14970.0
3345,1611.4540086127818,1611.4654527045786,0.661,17208.0
3346,1606.8878159858286,1606.8992600776255,0.825,19602.0
3347,1606.8305955268443,1606.8420396186411,0.549,19632.0
3348,1606.8077073432505,1606.8191514350474,0.777,19644.0
3349,1606.0981736518443,1606.1096177436411,0.781,20016.0
3350,1606.0867295600474,1606.0981736518443,0.735,20022.0
3351,1605.9951768256724,1606.0066209174693,0.919,20070.0
3352,1605.6289658881724,1605.6404099799693,0.901,20262.0
3353,1605.6060777045786,1605.6175217963755,0.889,20274.0
3354,1605.571745429188,1605.583189520985,0.78,20292.0
3355,1605.5603013373911,1605.571745429188,0.572,20298.0
3356,1605.5259690620005,1605.5374131537974,0.929,20316.0
3357,1605.4687486030161,1605.480192694813,0.604,20346.0
3358,1605.4229722358286,1605.4344163276255,0.543,20370.0
3359,1605.400084052235,1605.4115281440318,0.906,20382.0
3360,1605.3428635932505,1605.3543076850474,0.502,20412.0
3361,1605.205534491688,1605.216978583485,0.591,20484.0
3362,1605.1712022162974,1605.1826463080943,0.522,20502.0
3363,1605.1597581245005,1605.1712022162974,0.829,20508.0
3364,1605.1483140327036,1605.1597581245005,0.917,20514.0
3365,1605.113981757313,1605.12542584911,0.552,20532.0
3366,1605.0910935737193,1605.1025376655161,0.549,20544.0
3367,1604.9995408393443,1605.0109849311411,0.616,20592.0
3368,1604.7706590034068,1604.7821030952036,0.55,20712.0
3369,1604.7019944526255,1604.7134385444224,0.742,20748.0
3370,1604.6791062690318,1604.6905503608286,0.515,20760.0
3371,1604.5532212592661,1604.564665351063,0.539,20826.0
3372,1604.39300397411,1604.4044480659068,0.774,20910.0
3373,1604.290007147938,1604.301451239735,0.526,20964.0
3374,1604.2213425971568,1604.2327866889536,0.668,21000.0
3375,1604.02679303661,1604.0382371284068,0.553,21102.0
3376,1604.015348944813,1604.02679303661,0.634,21108.0
3377,1603.9695725776255,1603.9810166694224,0.587,21132.0
3378,1603.935240302235,1603.9466843940318,0.701,21150.0
3379,1603.923796210438,1603.935240302235,0.697,21156.0
3380,1603.8551316596568,1603.8665757514536,0.818,21192.0
3381,1603.6720261909068,1603.6834702827036,0.65,21288.0
3382,1603.6376939155161,1603.649138007313,0.672,21306.0
3383,1603.569029364735,1603.5804734565318,0.557,21342.0
3384,1603.4202561713755,1603.4317002631724,0.655,21420.0
3385,1603.4088120795786,1603.4202561713755,0.572,21426.0
3386,1603.3630357123911,1603.374479804188,0.831,21450.0
3387,1603.3287034370005,1603.3401475287974,0.604,21468.0
3388,1603.29437116161,1603.3058152534068,0.631,21486.0
3389,1603.282927069813,1603.29437116161,0.821,21492.0
3390,1603.2142625190318,1603.2257066108286,0.821,21528.0
3391,1603.1684861518443,1603.1799302436411,0.608,21552.0
3392,1603.1341538764536,1603.1455979682505,0.635,21570.0
3393,1603.11126569286,1603.1227097846568,0.733,21582.0
3394,1603.0769334174693,1603.0883775092661,0.692,21600.0
3395,1603.019712958485,1603.0311570502818,0.669,21630.0
3396,1603.008268866688,1603.019712958485,0.632,21636.0
3397,1602.9624924995005,1602.9739365912974,0.569,21660.0
3398,1602.9510484077036,1602.9624924995005,0.624,21666.0
3399,1602.9396043159068,1602.9510484077036,0.504,21672.0
3400,1602.92816022411,1602.9396043159068,0.592,21678.0
3401,1602.916716132313,1602.92816022411,0.893,21684.0
3402,1602.8137193061411,1602.825163397938,0.588,21738.0
3403,1602.8022752143443,1602.8137193061411,0.557,21744.0
3404,1602.7908311225474,1602.8022752143443,0.563,21750.0
3405,1602.7793870307505,1602.7908311225474,0.608,21756.0
3406,1602.7679429389536,1602.7793870307505,0.607,21762.0
3407,1602.7564988471568,1602.7679429389536,0.632,21768.0
3408,1602.74505475536,1602.7564988471568,0.564,21774.0
3409,1602.733610663563,1602.74505475536,0.583,21780.0
3410,1602.7221665717661,1602.733610663563,0.556,21786.0
3411,1602.7107224799693,1602.7221665717661,0.592,21792.0
3412,1602.6992783881724,1602.7107224799693,0.612,21798.0
3413,1602.6878342963755,1602.6992783881724,0.828,21804.0
3414,1602.6763902045786,1602.6878342963755,0.6,21810.0
3415,1602.6649461127818,1602.6763902045786,0.548,21816.0
3416,1602.653502020985,1602.6649461127818,0.819,21822.0
3417,1602.642057929188,1602.653502020985,0.595,21828.0
3418,1602.6306138373911,1602.642057929188,0.574,21834.0
3419,1602.6191697455943,1602.6306138373911,0.866,21840.0
3420,1602.6077256537974,1602.6191697455943,0.586,21846.0
3421,1602.5962815620005,1602.6077256537974,0.548,21852.0
3422,1602.5848374702036,1602.5962815620005,0.582,21858.0
3423,1602.5733933784068,1602.5848374702036,0.709,21864.0
3424,1602.56194928661,1602.5733933784068,0.719,21870.0
3425,1602.5390611030161,1602.550505194813,0.61,21882.0
3426,1602.5161729194224,1602.5276170112193,0.579,21894.0
3427,1602.5047288276255,1602.5161729194224,0.594,21900.0
3428,1602.4932847358286,1602.5047288276255,0.769,21906.0
3429,1602.4818406440318,1602.4932847358286,0.588,21912.0
3430,1602.470396552235,1602.4818406440318,0.593,21918.0
3431,1602.458952460438,1602.470396552235,0.774,21924.0
3432,1602.4475083686411,1602.458952460438,0.651,21930.0
3433,1602.4360642768443,1602.4475083686411,0.616,21936.0
3434,1602.4246201850474,1602.4360642768443,0.545,21942.0
3435,1602.4131760932505,1602.4246201850474,0.602,21948.0
3436,1602.4017320014536,1602.4131760932505,0.54,21954.0
3437,1602.3902879096568,1602.4017320014536,0.597,21960.0
3438,1602.37884381786,1602.3902879096568,0.601,21966.0
3439,1602.367399726063,1602.37884381786,0.665,21972.0
3440,1602.3559556342661,1602.367399726063,0.659,21978.0
3441,1602.3445115424693,1602.3559556342661,0.657,21984.0
3442,1602.3330674506724,1602.3445115424693,0.632,21990.0
3443,1602.3216233588755,1602.3330674506724,0.595,21996.0
3444,1602.3101792670786,1602.3216233588755,0.633,22002.0
3445,1602.287291083485,1602.2987351752818,0.528,22014.0
3446,1602.275846991688,1602.287291083485,0.61,22020.0
3447,1602.2529588080943,1602.2644028998911,0.508,22032.0
3448,1602.2071824409068,1602.2186265327036,0.521,22056.0
3449,1602.1270737983286,1602.1385178901255,0.589,22098.0
3450,1602.1156297065318,1602.1270737983286,0.686,22104.0
3451,1602.092741522938,1602.104185614735,0.855,22116.0
3452,1602.0812974311411,1602.092741522938,0.591,22122.0
3453,1602.0698533393443,1602.0812974311411,0.514,22128.0
3454,1602.0584092475474,1602.0698533393443,0.765,22134.0
3455,1601.9783006049693,1601.9897446967661,0.589,22176.0
3456,1601.6807542182505,1601.6921983100474,0.533,22332.0
3457,1601.634977851063,1601.64642194286,0.651,22356.0
3458,1601.6235337592661,1601.634977851063,0.548,22362.0
3459,1601.6006455756724,1601.6120896674693,0.501,22374.0
3460,1601.5892014838755,1601.6006455756724,0.806,22380.0
3461,1601.5777573920786,1601.5892014838755,0.669,22386.0
3462,1601.5663133002818,1601.5777573920786,0.642,22392.0
3463,1601.554869208485,1601.5663133002818,0.688,22398.0
3464,1601.543425116688,1601.554869208485,0.622,22404.0
3465,1601.5319810248911,1601.543425116688,0.662,22410.0
3466,1601.5205369330943,1601.5319810248911,0.95,22416.0
3467,1601.5090928412974,1601.5205369330943,0.787,22422.0
3468,1601.4976487495005,1601.5090928412974,0.763,22428.0
3469,1601.4862046577036,1601.4976487495005,0.883,22434.0
3470,1601.4747605659068,1601.4862046577036,0.791,22440.0
3471,1601.46331647411,1601.4747605659068,0.82,22446.0
3472,1601.451872382313,1601.46331647411,0.719,22452.0
3473,1601.4404282905161,1601.451872382313,0.787,22458.0
3474,1601.4289841987193,1601.4404282905161,0.693,22464.0
3475,1601.4175401069224,1601.4289841987193,0.712,22470.0
3476,1601.4060960151255,1601.4175401069224,0.892,22476.0
3477,1601.3946519233286,1601.4060960151255,0.886,22482.0
3478,1601.3832078315318,1601.3946519233286,0.869,22488.0
3479,1601.371763739735,1601.3832078315318,0.772,22494.0
3480,1601.360319647938,1601.371763739735,0.905,22500.0
3481,1601.3488755561411,1601.360319647938,0.863,22506.0
3482,1601.3374314643443,1601.3488755561411,0.768,22512.0
3483,1601.3259873725474,1601.3374314643443,0.584,22518.0
3484,1601.3145432807505,1601.3259873725474,0.765,22524.0
3485,1601.3030991889536,1601.3145432807505,0.794,22530.0
3486,1601.2573228217661,1601.268766913563,0.554,22554.0
3487,1601.1314378120005,1601.1428819037974,0.624,22620.0
3488,1601.1199937202036,1601.1314378120005,0.509,22626.0
3489,1601.085661444813,1601.09710553661,0.511,22644.0
3490,1601.0169968940318,1601.0284409858286,0.63,22680.0
3491,1601.005552802235,1601.0169968940318,0.534,22686.0
3492,1600.9368882514536,1600.9483323432505,0.625,22722.0
3493,1600.91400006786,1600.9254441596568,0.546,22734.0
3494,1600.902555976063,1600.91400006786,0.508,22740.0
3495,1600.8567796088755,1600.8682237006724,0.582,22764.0
3496,1600.7766709662974,1600.7881150580943,0.658,22806.0
3497,1600.6736741401255,1600.6851182319224,0.659,22860.0
3498,1599.9641404487193,1599.9755845405161,0.539,23232.0
3499,1599.9298081733286,1599.9412522651255,0.625,23250.0
3500,1599.9183640815318,1599.9298081733286,0.642,23256.0
3501,1599.906919989735,1599.9183640815318,0.849,23262.0
3502,1599.895475897938,1599.906919989735,0.732,23268.0
3503,1599.8840318061411,1599.895475897938,0.791,23274.0
3504,1599.8725877143443,1599.8840318061411,0.872,23280.0
3505,1599.8611436225474,1599.8725877143443,0.686,23286.0
3506,1599.8496995307505,1599.8611436225474,0.831,23292.0
3507,1599.8382554389536,1599.8496995307505,0.708,23298.0
3508,1599.8268113471568,1599.8382554389536,0.757,23304.0
3509,1599.81536725536,1599.8268113471568,0.804,23310.0
3510,1599.803923163563,1599.81536725536,0.721,23316.0
3511,1599.7924790717661,1599.803923163563,0.708,23322.0
3512,1599.7810349799693,1599.7924790717661,0.757,23328.0
3513,1599.7695908881724,1599.7810349799693,0.802,23334.0
3514,1599.7581467963755,1599.7695908881724,0.683,23340.0
3515,1599.7467027045786,1599.7581467963755,0.852,23346.0
3516,1599.7352586127818,1599.7467027045786,0.707,23352.0
3517,1599.723814520985,1599.7352586127818,0.754,23358.0
3518,1599.712370429188,1599.723814520985,0.673,23364.0
3519,1599.7009263373911,1599.712370429188,0.743,23370.0
3520,1599.6894822455943,1599.7009263373911,0.815,23376.0
3521,1599.6780381537974,1599.6894822455943,0.752,23382.0
3522,1599.6665940620005,1599.6780381537974,0.753,23388.0
3523,1599.6551499702036,1599.6665940620005,0.719,23394.0
3524,1599.6437058784068,1599.6551499702036,0.82,23400.0
3525,1599.63226178661,1599.6437058784068,0.69,23406.0
3526,1599.620817694813,1599.63226178661,0.751,23412.0
3527,1599.6093736030161,1599.620817694813,0.853,23418.0
3528,1599.5864854194224,1599.5979295112193,0.706,23430.0
3529,1599.5750413276255,1599.5864854194224,0.795,23436.0
3530,1599.5635972358286,1599.5750413276255,0.737,23442.0
3531,1599.5521531440318,1599.5635972358286,0.68,23448.0
3532,1599.540709052235,1599.5521531440318,0.951,23454.0
3533,1599.529264960438,1599.540709052235,0.6,23460.0
3534,1599.5178208686411,1599.529264960438,0.651,23466.0
3535,1599.5063767768443,1599.5178208686411,0.865,23472.0
3536,1599.4949326850474,1599.5063767768443,0.677,23478.0
3537,1599.4834885932505,1599.4949326850474,0.603,23484.0
3538,1599.4720445014536,1599.4834885932505,0.593,23490.0
3539,1599.4606004096568,1599.4720445014536,0.514,23496.0
3540,1599.4262681342661,1599.437712226063,0.51,23514.0
3541,1599.3347153998911,1599.346159491688,0.567,23562.0
3542,1599.1516099311411,1599.163054022938,0.792,23658.0
3543,1599.1401658393443,1599.1516099311411,0.611,23664.0
3544,1598.8311753608286,1598.8426194526255,0.522,23826.0
3545,1598.808287177235,1598.8197312690318,0.58,23838.0
3546,1598.796843085438,1598.808287177235,0.529,23844.0
3547,1598.7396226264536,1598.7510667182505,0.503,23874.0
3548,1598.6480698920786,1598.6595139838755,0.536,23922.0
3549,1598.442076239735,1598.4535203315318,0.515,24030.0
3550,1598.4077439643443,1598.4191880561411,0.504,24048.0
3551,1598.2017503120005,1598.2131944037974,0.703,24156.0
3552,1598.1903062202036,1598.2017503120005,0.791,24162.0
3553,1598.1788621284068,1598.1903062202036,0.657,24168.0
3554,1598.16741803661,1598.1788621284068,0.53,24174.0
3555,1591.8846116401255,1591.8960557319224,0.533,27468.0
3556,1590.9690842963755,1590.9805283881724,0.649,27948.0
3557,1590.465544257313,1590.47698834911,0.562,28212.0
3558,1643.0110917426646,1643.0225358344615,0.557,660.0
3559,1642.152784857899,1642.1642289496958,0.547,1110.0
3560,1642.1298966743052,1642.141340766102,0.784,1122.0
3561,1642.1070084907115,1642.1184525825083,0.718,1134.0
3562,1642.0955643989146,1642.1070084907115,0.545,1140.0
3563,1638.032911811024,1638.0443559028208,0.632,3270.0
3564,1637.6895890571177,1637.7010331489146,0.757,3450.0
3565,1636.934278998524,1636.9457230903208,0.551,3846.0
3566,1633.7528214789927,1633.7642655707896,0.597,5514.0
3567,1633.1920609809458,1633.2035050727427,0.753,5808.0
3568,1633.1462846137583,1633.1577287055552,0.625,5832.0
3569,1627.4356828071177,1627.4471268989146,0.628,8826.0
3570,1627.412794623524,1627.4242387153208,0.558,8838.0
3571,1627.3899064399302,1627.401350531727,0.667,8850.0
3572,1627.3326859809458,1627.3441300727427,0.562,8880.0
3573,1627.2983537055552,1627.309797797352,0.773,8898.0
3574,1627.2640214301646,1627.2754655219615,0.892,8916.0
3575,1627.2525773383677,1627.2640214301646,0.543,8922.0
3576,1627.229689154774,1627.2411332465708,0.639,8934.0
3577,1627.2068009711802,1627.218245062977,0.868,8946.0
3578,1627.1724686957896,1627.1839127875865,0.642,8964.0
3579,1627.1610246039927,1627.1724686957896,0.708,8970.0
3580,1627.138136420399,1627.1495805121958,0.659,8982.0
3581,1627.126692328602,1627.138136420399,0.704,8988.0
3582,1627.1152482368052,1627.126692328602,0.639,8994.0
3583,1627.1038041450083,1627.1152482368052,0.675,9000.0
3584,1626.771925482899,1626.7833695746958,0.708,9174.0
3585,1626.7490372993052,1626.760481391102,0.787,9186.0
3586,1626.680372748524,1626.6918168403208,0.707,9222.0
3587,1626.6460404731333,1626.6574845649302,0.626,9240.0
3588,1626.6345963813365,1626.6460404731333,0.72,9246.0
3589,1626.6231522895396,1626.6345963813365,0.658,9252.0
3590,1626.6117081977427,1626.6231522895396,0.753,9258.0
3591,1626.588820014149,1626.6002641059458,0.736,9270.0
3592,1626.3370499946177,1626.3484940864146,0.581,9402.0
3593,1626.2912736274302,1626.302717719227,0.774,9426.0
3594,1626.2569413520396,1626.2683854438365,0.546,9444.0
3595,1626.2454972602427,1626.2569413520396,0.501,9450.0
3596,1626.1425004340708,1626.1539445258677,0.586,9504.0
3597,1626.1081681586802,1626.119612250477,0.572,9522.0
3598,1626.0967240668833,1626.1081681586802,0.503,9528.0
3599,1626.0738358832896,1626.0852799750865,0.663,9540.0
3600,1625.9021745063365,1625.9136185981333,0.513,9630.0
3601,1625.844954047352,1625.856398139149,0.772,9660.0
3602,1625.8220658637583,1625.8335099555552,0.51,9672.0
3603,1625.8106217719615,1625.8220658637583,0.605,9678.0
3604,1625.7991776801646,1625.8106217719615,0.545,9684.0
3605,1625.7762894965708,1625.7877335883677,0.507,9696.0
3606,1625.6961808539927,1625.7076249457896,0.522,9738.0
3607,1625.6504044868052,1625.661848578602,0.857,9762.0
3608,1625.6160722114146,1625.6275163032115,0.607,9780.0
3609,1625.5474076606333,1625.5588517524302,0.605,9816.0
3610,1625.4672990180552,1625.478743109852,0.615,9858.0
3611,1625.4329667426646,1625.4444108344615,0.732,9876.0
3612,1625.3185258246958,1625.3299699164927,0.594,9936.0
3613,1625.2727494575083,1625.2841935493052,0.841,9960.0
3614,1625.2269730903208,1625.2384171821177,0.567,9984.0
3615,1625.1010880805552,1625.112532172352,0.606,10050.0
3616,1625.0095353461802,1625.020979437977,0.644,10098.0
3617,1624.849318061024,1624.8607621528208,0.712,10182.0
3618,1624.6776566840708,1624.6891007758677,0.595,10272.0
3619,1624.666212592274,1624.6776566840708,0.552,10278.0
3620,1624.6204362250865,1624.6318803168833,0.731,10302.0
3621,1624.5861039496958,1624.5975480414927,0.685,10320.0
3622,1624.574659857899,1624.5861039496958,0.667,10326.0
3623,1624.5403275825083,1624.5517716743052,0.531,10344.0
3624,1624.5059953071177,1624.5174393989146,0.849,10362.0
3625,1624.471663031727,1624.483107123524,0.652,10380.0
3626,1624.4144425727427,1624.4258866645396,0.82,10410.0
3627,1624.3686662055552,1624.380110297352,0.743,10434.0
3628,1624.3114457465708,1624.3228898383677,0.732,10464.0
3629,1624.2542252875865,1624.2656693793833,0.516,10494.0
3630,1624.208448920399,1624.2198930121958,0.781,10518.0
3631,1624.197004828602,1624.208448920399,0.544,10524.0
3632,1624.1741166450083,1624.1855607368052,0.838,10536.0
3633,1624.1626725532115,1624.1741166450083,0.717,10542.0
3634,1624.1283402778208,1624.1397843696177,0.598,10560.0
3635,1624.0367875434458,1624.0482316352427,0.875,10608.0
3636,1623.9910111762583,1624.0024552680552,0.638,10632.0
3637,1623.922346625477,1623.933790717274,0.567,10668.0
3638,1623.7850175239146,1623.7964616157115,0.53,10740.0
3639,1623.7049088813365,1623.7163529731333,0.635,10782.0
3640,1623.567579779774,1623.5790238715708,0.842,10854.0
3641,1623.5332475043833,1623.5446915961802,0.915,10872.0
3642,1623.281477484852,1623.292921576649,0.612,11004.0
3643,1623.2700333930552,1623.281477484852,0.609,11010.0
3644,1623.201368842274,1623.2128129340708,0.813,11046.0
3645,1623.1327042914927,1623.1441483832896,0.553,11082.0
3646,1623.109816107899,1623.1212601996958,0.536,11094.0
3647,1623.0754838325083,1623.0869279243052,0.769,11112.0
3648,1623.0411515571177,1623.0525956489146,0.569,11130.0
3649,1622.9953751899302,1623.006819281727,0.831,11154.0
3650,1622.9381547309458,1622.9495988227427,0.809,11184.0
3651,1622.8694901801646,1622.8809342719615,0.651,11220.0
3652,1622.823713812977,1622.835157904774,0.664,11244.0
3653,1622.7779374457896,1622.7893815375865,0.565,11268.0
3654,1622.6177201606333,1622.6291642524302,0.517,11352.0
3655,1622.6062760688365,1622.6177201606333,0.561,11358.0
3656,1622.5719437934458,1622.5833878852427,0.555,11376.0
3657,1622.549055609852,1622.560499701649,0.691,11388.0
3658,1622.4346146918833,1622.4460587836802,0.501,11448.0
3659,1622.3888383246958,1622.4002824164927,0.528,11472.0
3660,1622.377394232899,1622.3888383246958,0.727,11478.0
3661,1622.285841498524,1622.2972855903208,0.8,11526.0
3662,1622.2515092231333,1622.2629533149302,0.658,11544.0
3663,1622.2171769477427,1622.2286210395396,0.7,11562.0
3664,1622.2057328559458,1622.2171769477427,0.737,11568.0
3665,1622.1599564887583,1622.1714005805552,0.673,11592.0
3666,1622.1485123969615,1622.1599564887583,0.562,11598.0
3667,1622.1141801215708,1622.1256242133677,0.785,11616.0
3668,1622.0798478461802,1622.091291937977,0.66,11634.0
3669,1622.0684037543833,1622.0798478461802,0.698,11640.0
3670,1622.0455155707896,1622.0569596625865,0.501,11652.0
3671,1622.0226273871958,1622.0340714789927,0.573,11664.0
3672,1622.011183295399,1622.0226273871958,0.652,11670.0
3673,1621.999739203602,1622.011183295399,0.557,11676.0
3674,1621.9768510200083,1621.9882951118052,0.544,11688.0
3675,1621.9654069282115,1621.9768510200083,0.581,11694.0
3676,1621.919630561024,1621.9310746528208,0.605,11718.0
3677,1621.5763078071177,1621.5877518989146,0.624,11898.0
3678,1621.3474259711802,1621.358870062977,0.584,12018.0
3679,1621.2902055121958,1621.3016496039927,0.793,12048.0
3680,1621.278761420399,1621.2902055121958,0.666,12054.0
3681,1621.2558732368052,1621.267317328602,0.703,12066.0
3682,1621.2444291450083,1621.2558732368052,0.891,12072.0
3683,1621.2329850532115,1621.2444291450083,0.547,12078.0
3684,1621.187208686024,1621.1986527778208,0.816,12102.0
3685,1621.175764594227,1621.187208686024,0.828,12108.0
3686,1621.1643205024302,1621.175764594227,0.669,12114.0
3687,1621.1528764106333,1621.1643205024302,0.531,12120.0
3688,1621.095655951649,1621.1071000434458,0.8,12150.0
3689,1621.084211859852,1621.095655951649,0.838,12156.0
3690,1621.0727677680552,1621.084211859852,0.731,12162.0
3691,1621.0384354926646,1621.0498795844615,0.624,12180.0
3692,1621.0269914008677,1621.0384354926646,0.523,12186.0
3693,1621.004103217274,1621.0155473090708,0.842,12198.0
3694,1620.9812150336802,1620.992659125477,0.646,12210.0
3695,1620.9583268500865,1620.9697709418833,0.532,12222.0
3696,1620.6607804633677,1620.6722245551646,0.524,12378.0
3697,1620.626448187977,1620.637892279774,0.871,12396.0
3698,1620.6150040961802,1620.626448187977,0.613,12402.0
3699,1620.5120072700083,1620.5234513618052,0.591,12456.0
3700,1620.454786811024,1620.4662309028208,0.607,12486.0
3701,1620.4204545356333,1620.4318986274302,0.691,12504.0
3702,1620.3975663520396,1620.4090104438365,0.646,12516.0
3703,1620.3861222602427,1620.3975663520396,0.762,12522.0
3704,1620.363234076649,1620.3746781684458,0.503,12534.0
3705,1620.3403458930552,1620.351789984852,0.823,12546.0
3706,1620.2259049750865,1620.2373490668833,0.625,12606.0
3707,1620.180128607899,1620.1915726996958,0.517,12630.0
3708,1620.077131781727,1620.088575873524,0.611,12684.0
3709,1620.0542435981333,1620.0656876899302,0.527,12696.0
3710,1619.9741349555552,1619.985579047352,0.524,12738.0
3711,1619.9169144965708,1619.9283585883677,0.51,12768.0
3712,1619.8253617621958,1619.8368058539927,0.597,12816.0
3713,1619.7795853950083,1619.7910294868052,0.611,12840.0
3714,1619.710920844227,1619.722364936024,0.546,12876.0
3715,1619.6537003852427,1619.6651444770396,0.622,12906.0
3716,1619.619368109852,1619.630812201649,0.733,12924.0
3717,1619.5735917426646,1619.5850358344615,0.505,12948.0
3718,1619.527815375477,1619.539259467274,0.592,12972.0
3719,1619.4934831000865,1619.5049271918833,0.919,12990.0
3720,1619.4591508246958,1619.4705949164927,0.569,13008.0
3721,1619.4248185493052,1619.436262641102,0.618,13026.0
3722,1619.4133744575083,1619.4248185493052,0.511,13032.0
3723,1619.3675980903208,1619.3790421821177,0.897,13056.0
3724,1619.3218217231333,1619.3332658149302,0.511,13080.0
3725,1619.2874894477427,1619.2989335395396,0.625,13098.0
3726,1619.253157172352,1619.264601264149,0.547,13116.0
3727,1619.2417130805552,1619.253157172352,0.567,13122.0
3728,1619.1959367133677,1619.2073808051646,0.785,13146.0
3729,1619.081495795399,1619.0929398871958,0.549,13206.0
3730,1618.9556107856333,1618.9670548774302,0.744,13272.0
3731,1618.8640580512583,1618.8755021430552,0.505,13320.0
3732,1618.806837592274,1618.8182816840708,0.528,13350.0
3733,1618.703840766102,1618.715284857899,0.506,13404.0
3734,1618.6580643989146,1618.6695084907115,0.546,13428.0
3735,1618.623732123524,1618.6351762153208,0.747,13446.0
3736,1618.612288031727,1618.623732123524,0.691,13452.0
3737,1618.5665116645396,1618.5779557563365,0.645,13476.0
3738,1618.4978471137583,1618.5092912055552,0.634,13512.0
3739,1618.4520707465708,1618.4635148383677,0.531,13536.0
3740,1618.4177384711802,1618.429182562977,0.507,13554.0
3741,1618.3605180121958,1618.3719621039927,0.523,13584.0
3742,1618.3032975532115,1618.3147416450083,0.782,13614.0
3743,1618.2918534614146,1618.3032975532115,0.896,13620.0
3744,1618.257521186024,1618.2689652778208,0.794,13638.0
3745,1618.2117448188365,1618.2231889106333,0.502,13662.0
3746,1618.2003007270396,1618.2117448188365,0.891,13668.0
3747,1618.1888566352427,1618.2003007270396,0.534,13674.0
3748,1618.165968451649,1618.1774125434458,0.543,13686.0
3749,1618.1430802680552,1618.154524359852,0.549,13698.0
3750,1618.1316361762583,1618.1430802680552,0.864,13704.0
3751,1618.1201920844615,1618.1316361762583,0.827,13710.0
3752,1618.0858598090708,1618.0973039008677,0.658,13728.0
3753,1618.074415717274,1618.0858598090708,0.848,13734.0
3754,1618.0515275336802,1618.062971625477,0.566,13746.0
3755,1618.0171952582896,1618.0286393500865,0.656,13764.0
3756,1618.0057511664927,1618.0171952582896,0.794,13770.0
3757,1617.9599747993052,1617.971418891102,0.519,13794.0
3758,1617.9370866157115,1617.9485307075083,0.636,13806.0
3759,1617.891310248524,1617.9027543403208,0.618,13830.0
3760,1617.8340897895396,1617.8455338813365,0.868,13860.0
3761,1617.8112016059458,1617.8226456977427,0.659,13872.0
3762,1617.788313422352,1617.799757514149,0.844,13884.0
3763,1617.7310929633677,1617.7425370551646,0.514,13914.0
3764,1617.6738725043833,1617.6853165961802,0.585,13944.0
3765,1617.6395402289927,1617.6509843207896,0.532,13962.0
3766,1617.6280961371958,1617.6395402289927,0.604,13968.0
3767,1617.5479874946177,1617.5594315864146,0.544,14010.0
3768,1617.4793229438365,1617.4907670356333,0.805,14046.0
3769,1617.4449906684458,1617.4564347602427,0.816,14064.0
3770,1617.433546576649,1617.4449906684458,0.699,14070.0
3771,1617.3877702094615,1617.3992143012583,0.517,14094.0
3772,1617.3534379340708,1617.3648820258677,0.571,14112.0
3773,1617.2733292914927,1617.2847733832896,0.644,14154.0
3774,1617.250441107899,1617.2618851996958,0.826,14166.0
3775,1617.2275529243052,1617.238997016102,0.555,14178.0
3776,1617.2046647407115,1617.2161088325083,0.632,14190.0
3777,1617.1817765571177,1617.1932206489146,0.651,14202.0
3778,1617.147444281727,1617.158888373524,0.527,14220.0
3779,1617.1131120063365,1617.1245560981333,0.529,14238.0
3780,1617.1016679145396,1617.1131120063365,0.678,14244.0
3781,1617.067335639149,1617.0787797309458,0.773,14262.0
3782,1616.9986710883677,1617.0101151801646,0.531,14298.0
3783,1616.9872269965708,1616.9986710883677,0.683,14304.0
3784,1616.884230170399,1616.8956742621958,0.587,14358.0
3785,1616.8613419868052,1616.872786078602,0.509,14370.0
3786,1616.8155656196177,1616.8270097114146,0.571,14394.0
3787,1616.8041215278208,1616.8155656196177,0.889,14400.0
3788,1616.781233344227,1616.792677436024,0.748,14412.0
3789,1616.7697892524302,1616.781233344227,0.76,14418.0
3790,1616.6439042426646,1616.6553483344615,0.598,14484.0
3791,1616.5866837836802,1616.598127875477,0.53,14514.0
3792,1616.4951310493052,1616.506575141102,0.681,14562.0
3793,1616.4722428657115,1616.4836869575083,0.786,14574.0
3794,1616.4035783149302,1616.415022406727,0.652,14610.0
3795,1616.3921342231333,1616.4035783149302,0.698,14616.0
3796,1616.2548051215708,1616.2662492133677,0.75,14688.0
3797,1616.1861405707896,1616.1975846625865,0.95,14724.0
3798,1616.060255561024,1616.0716996528208,0.533,14790.0
3799,1615.968702826649,1615.9801469184458,0.509,14838.0
3800,1615.957258734852,1615.968702826649,0.781,14844.0
3801,1615.7283768989146,1615.7398209907115,0.719,14964.0
3802,1611.6313920356333,1611.6428361274302,0.536,17112.0
3803,1606.9278703071177,1606.9393143989146,0.577,19578.0
3804,1606.904982123524,1606.9164262153208,0.842,19590.0
3805,1606.8592057563365,1606.8706498481333,0.579,19614.0
3806,1606.4929948188365,1606.5044389106333,0.509,19806.0
3807,1606.081007514149,1606.0924516059458,0.645,20022.0
3808,1606.0237870551646,1606.0352311469615,0.81,20052.0
3809,1606.0008988715708,1606.0123429633677,0.895,20064.0
3810,1605.5660233832896,1605.5774674750865,0.542,20292.0
3811,1605.5431351996958,1605.5545792914927,0.565,20304.0
3812,1605.5088029243052,1605.520247016102,0.579,20322.0
3813,1605.4973588325083,1605.5088029243052,0.63,20328.0
3814,1605.4744706489146,1605.4859147407115,0.72,20340.0
3815,1605.440138373524,1605.4515824653208,0.687,20358.0
3816,1605.428694281727,1605.440138373524,0.548,20364.0
3817,1605.4058060981333,1605.4172501899302,0.548,20376.0
3818,1605.154036078602,1605.165480170399,0.906,20508.0
3819,1605.062483344227,1605.073927436024,0.683,20556.0
3820,1604.6619401313365,1604.6733842231333,0.729,20766.0
3821,1604.604719672352,1604.616163764149,0.516,20796.0
3822,1604.5474992133677,1604.5589433051646,0.715,20826.0
3823,1604.3987260200083,1604.4101701118052,0.508,20904.0
3824,1604.3186173774302,1604.330061469227,0.534,20946.0
3825,1604.1927323676646,1604.2041764594615,0.573,21012.0
3826,1604.1011796332896,1604.1126237250865,0.507,21060.0
3827,1604.0897355414927,1604.1011796332896,0.723,21066.0
3828,1603.963850531727,1603.975294623524,0.526,21132.0
3829,1603.883741889149,1603.8951859809458,0.626,21174.0
3830,1603.8608537055552,1603.872297797352,0.747,21186.0
3831,1603.8150773383677,1603.8265214301646,0.727,21210.0
3832,1603.7349686957896,1603.7464127875865,0.641,21252.0
3833,1603.609083686024,1603.6205277778208,0.594,21318.0
3834,1603.425978217274,1603.4374223090708,0.513,21414.0
3835,1603.3573136664927,1603.3687577582896,0.725,21450.0
3836,1603.322981391102,1603.334425482899,0.718,21468.0
3837,1603.2886491157115,1603.3000932075083,0.862,21486.0
3838,1603.2085404731333,1603.2199845649302,0.617,21528.0
3839,1603.1970963813365,1603.2085404731333,0.737,21534.0
3840,1603.139875922352,1603.151320014149,0.503,21564.0
3841,1603.1055436469615,1603.1169877387583,0.625,21582.0
3842,1603.0940995551646,1603.1055436469615,0.626,21588.0
3843,1603.059767279774,1603.0712113715708,0.598,21606.0
3844,1603.0368790961802,1603.048323187977,0.82,21618.0
3845,1603.0139909125865,1603.0254350043833,0.53,21630.0
3846,1602.9338822700083,1602.9453263618052,0.886,21672.0
3847,1602.8079972602427,1602.8194413520396,0.606,21738.0
3848,1602.7965531684458,1602.8079972602427,0.644,21744.0
3849,1602.7622208930552,1602.773664984852,0.681,21762.0
3850,1602.7507768012583,1602.7622208930552,0.767,21768.0
3851,1602.7393327094615,1602.7507768012583,0.512,21774.0
3852,1602.7278886176646,1602.7393327094615,0.668,21780.0
3853,1602.7164445258677,1602.7278886176646,0.557,21786.0
3854,1602.7050004340708,1602.7164445258677,0.683,21792.0
3855,1602.693556342274,1602.7050004340708,0.587,21798.0
3856,1602.682112250477,1602.693556342274,0.602,21804.0
3857,1602.6706681586802,1602.682112250477,0.568,21810.0
3858,1602.6592240668833,1602.6706681586802,0.864,21816.0
3859,1602.6477799750865,1602.6592240668833,0.622,21822.0
3860,1602.6363358832896,1602.6477799750865,0.59,21828.0
3861,1602.6248917914927,1602.6363358832896,0.88,21834.0
3862,1602.6134476996958,1602.6248917914927,0.561,21840.0
3863,1602.602003607899,1602.6134476996958,0.685,21846.0
3864,1602.590559516102,1602.602003607899,0.66,21852.0
3865,1602.5791154243052,1602.590559516102,0.582,21858.0
3866,1602.5676713325083,1602.5791154243052,0.682,21864.0
3867,1602.5447831489146,1602.5562272407115,0.591,21876.0
3868,1602.5218949653208,1602.5333390571177,0.621,21888.0
3869,1602.510450873524,1602.5218949653208,0.582,21894.0
3870,1602.499006781727,1602.510450873524,0.712,21900.0
3871,1602.4875626899302,1602.499006781727,0.583,21906.0
3872,1602.4761185981333,1602.4875626899302,0.638,21912.0
3873,1602.4646745063365,1602.4761185981333,0.652,21918.0
3874,1602.4532304145396,1602.4646745063365,0.646,21924.0
3875,1602.4417863227427,1602.4532304145396,0.648,21930.0
3876,1602.4303422309458,1602.4417863227427,0.705,21936.0
3877,1602.418898139149,1602.4303422309458,0.56,21942.0
3878,1602.407454047352,1602.418898139149,0.621,21948.0
3879,1602.3960099555552,1602.407454047352,0.681,21954.0
3880,1602.3845658637583,1602.3960099555552,0.588,21960.0
3881,1602.3731217719615,1602.3845658637583,0.632,21966.0
3882,1602.3616776801646,1602.3731217719615,0.532,21972.0
3883,1602.3502335883677,1602.3616776801646,0.563,21978.0
3884,1602.327345404774,1602.3387894965708,0.549,21990.0
3885,1602.315901312977,1602.327345404774,0.516,21996.0
3886,1602.3044572211802,1602.315901312977,0.631,22002.0
3887,1602.2701249457896,1602.2815690375865,0.721,22020.0
3888,1602.2472367621958,1602.2586808539927,0.724,22032.0
3889,1602.2129044868052,1602.224348578602,0.557,22050.0
3890,1602.1900163032115,1602.2014603950083,0.519,22062.0
3891,1602.1556840278208,1602.1671281196177,0.544,22080.0
3892,1602.144239936024,1602.1556840278208,0.678,22086.0
3893,1602.0870194770396,1602.0984635688365,0.543,22116.0
3894,1602.0755753852427,1602.0870194770396,0.518,22122.0
3895,1602.0641312934458,1602.0755753852427,0.545,22128.0
3896,1602.0069108344615,1602.0183549262583,0.727,22158.0
3897,1601.949690375477,1601.961134467274,0.699,22188.0
3898,1601.8924699164927,1601.9039140082896,0.901,22218.0
3899,1601.8009171821177,1601.8123612739146,0.67,22266.0
3900,1601.675032172352,1601.686476264149,0.525,22332.0
3901,1601.6521439887583,1601.6635880805552,0.551,22344.0
3902,1601.6063676215708,1601.6178117133677,0.524,22368.0
3903,1601.594923529774,1601.6063676215708,0.647,22374.0
3904,1601.583479437977,1601.594923529774,0.549,22380.0
3905,1601.5720353461802,1601.583479437977,0.635,22386.0
3906,1601.5605912543833,1601.5720353461802,0.639,22392.0
3907,1601.5491471625865,1601.5605912543833,0.766,22398.0
3908,1601.5377030707896,1601.5491471625865,0.67,22404.0
3909,1601.5262589789927,1601.5377030707896,0.9,22410.0
3910,1601.5148148871958,1601.5262589789927,0.766,22416.0
3911,1601.503370795399,1601.5148148871958,0.586,22422.0
3912,1601.491926703602,1601.503370795399,0.688,22428.0
3913,1601.4804826118052,1601.491926703602,0.882,22434.0
3914,1601.4690385200083,1601.4804826118052,0.744,22440.0
3915,1601.4575944282115,1601.4690385200083,0.687,22446.0
3916,1601.4461503364146,1601.4575944282115,0.871,22452.0
3917,1601.4347062446177,1601.4461503364146,0.738,22458.0
3918,1601.4232621528208,1601.4347062446177,0.921,22464.0
3919,1601.411818061024,1601.4232621528208,0.727,22470.0
3920,1601.400373969227,1601.411818061024,0.763,22476.0
3921,1601.3889298774302,1601.400373969227,0.834,22482.0
3922,1601.3774857856333,1601.3889298774302,0.824,22488.0
3923,1601.3660416938365,1601.3774857856333,0.992,22494.0
3924,1601.3545976020396,1601.3660416938365,0.964,22500.0
3925,1601.3431535102427,1601.3545976020396,0.864,22506.0
3926,1601.3317094184458,1601.3431535102427,0.657,22512.0
3927,1601.320265326649,1601.3317094184458,0.852,22518.0
3928,1601.308821234852,1601.320265326649,0.852,22524.0
3929,1601.2973771430552,1601.308821234852,0.805,22530.0
3930,1600.679396186024,1600.6908402778208,0.521,22854.0
3931,1600.0499711371958,1600.0614152289927,0.547,23184.0
3932,1599.946974311024,1599.9584184028208,0.627,23238.0
3933,1599.935530219227,1599.946974311024,0.61,23244.0
3934,1599.9240861274302,1599.935530219227,0.618,23250.0
3935,1599.9126420356333,1599.9240861274302,0.583,23256.0
3936,1599.9011979438365,1599.9126420356333,0.663,23262.0
3937,1599.8897538520396,1599.9011979438365,0.711,23268.0
3938,1599.8783097602427,1599.8897538520396,0.729,23274.0
3939,1599.8668656684458,1599.8783097602427,0.702,23280.0
3940,1599.855421576649,1599.8668656684458,0.722,23286.0
3941,1599.843977484852,1599.855421576649,0.673,23292.0
3942,1599.8325333930552,1599.843977484852,0.626,23298.0
3943,1599.8210893012583,1599.8325333930552,0.676,23304.0
3944,1599.8096452094615,1599.8210893012583,0.837,23310.0
3945,1599.7982011176646,1599.8096452094615,0.663,23316.0
3946,1599.7867570258677,1599.7982011176646,0.697,23322.0
3947,1599.7753129340708,1599.7867570258677,0.731,23328.0
3948,1599.763868842274,1599.7753129340708,0.747,23334.0
3949,1599.752424750477,1599.763868842274,0.715,23340.0
3950,1599.7409806586802,1599.752424750477,0.673,23346.0
3951,1599.7295365668833,1599.7409806586802,0.82,23352.0
3952,1599.7180924750865,1599.7295365668833,0.755,23358.0
3953,1599.7066483832896,1599.7180924750865,0.818,23364.0
3954,1599.6952042914927,1599.7066483832896,0.697,23370.0
3955,1599.6837601996958,1599.6952042914927,0.745,23376.0
3956,1599.672316107899,1599.6837601996958,0.676,23382.0
3957,1599.660872016102,1599.672316107899,0.726,23388.0
3958,1599.6494279243052,1599.660872016102,0.75,23394.0
3959,1599.6379838325083,1599.6494279243052,0.761,23400.0
3960,1599.6265397407115,1599.6379838325083,0.786,23406.0
3961,1599.6150956489146,1599.6265397407115,0.758,23412.0
3962,1599.5922074653208,1599.6036515571177,0.872,23424.0
3963,1599.580763373524,1599.5922074653208,0.762,23430.0
3964,1599.569319281727,1599.580763373524,0.923,23436.0
3965,1599.5578751899302,1599.569319281727,0.784,23442.0
3966,1599.5464310981333,1599.5578751899302,0.666,23448.0
3967,1599.5349870063365,1599.5464310981333,0.616,23454.0
3968,1599.5235429145396,1599.5349870063365,0.814,23460.0
3969,1599.5120988227427,1599.5235429145396,0.6,23466.0
3970,1599.5006547309458,1599.5120988227427,0.528,23472.0
3971,1599.489210639149,1599.5006547309458,0.677,23478.0
3972,1599.477766547352,1599.489210639149,0.547,23484.0
3973,1599.4663224555552,1599.477766547352,0.512,23490.0
3974,1599.4548783637583,1599.4663224555552,0.532,23496.0
3975,1599.4091019965708,1599.4205460883677,0.528,23520.0
3976,1599.3518815375865,1599.3633256293833,0.847,23550.0
3977,1599.3404374457896,1599.3518815375865,0.572,23556.0
3978,1599.294661078602,1599.306105170399,0.518,23580.0
3979,1599.2832169868052,1599.294661078602,0.62,23586.0
3980,1599.1916642524302,1599.203108344227,0.824,23634.0
3981,1599.1458878852427,1599.1573319770396,0.535,23658.0
3982,1598.8941178657115,1598.9055619575083,0.526,23790.0
3983,1598.8025651313365,1598.8140092231333,0.508,23838.0
3984,1598.7339005805552,1598.745344672352,0.53,23874.0
3985,1598.7110123969615,1598.7224564887583,0.505,23886.0
3986,1598.6766801215708,1598.6881242133677,0.54,23904.0
3987,1598.5851273871958,1598.5965714789927,0.522,23952.0
3988,1598.562239203602,1598.573683295399,0.505,23964.0
3989,1598.5279069282115,1598.5393510200083,0.537,23982.0
3990,1598.470686469227,1598.482130561024,0.518,24012.0
3991,1598.2303605414927,1598.2418046332896,0.526,24138.0
3992,1598.1731400825083,1598.1845841743052,0.65,24168.0
3993,1597.5437150336802,1597.555159125477,0.658,24498.0
3994,1597.5322709418833,1597.5437150336802,0.668,24504.0
3995,1595.1976762153208,1595.2091203071177,0.64,25728.0
3996,1590.1966081000865,1590.2080521918833,0.523,28350.0
3997,1698.8410935737193,1698.8525376655161,0.558,960.0
3998,1698.7266526557505,1698.7380967475474,0.787,1020.0
3999,1696.49505475536,1696.5064988471568,0.681,2190.0
4000,1695.4650864936411,1695.476530585438,0.596,2730.0
4001,1694.5953355170786,1694.6067796088755,0.558,3186.0
4002,1694.5381150580943,1694.5495591498911,0.621,3216.0
4003,1685.9436021186411,1685.955046210438,0.651,7722.0
4004,1681.9496140815318,1681.9610581733286,0.668,9816.0
4005,1681.4346299506724,1681.4460740424693,0.855,10086.0
4006,1677.6924119330943,1677.7038560248911,0.529,12048.0
4007,1676.2161240912974,1676.2275681830943,0.518,12822.0
4008,1675.3005967475474,1675.3120408393443,0.538,13302.0
4009,1673.9044175483286,1673.9158616401255,0.505,14034.0
4010,1672.8401170112193,1672.8515611030161,0.58,14592.0
4011,1672.313688788563,1672.32513288036,0.506,14868.0
4012,1670.768736395985,1670.7801804877818,0.521,15678.0
4013,1668.743132147938,1668.754576239735,0.503,16740.0
4014,1666.557310614735,1666.5687547065318,0.568,17886.0
4015,1664.9322495795786,1664.9436936713755,0.556,18738.0
4016,1661.6821275092661,1661.693571601063,0.533,20442.0
4017,1660.78948834911,1660.8009324409068,0.609,20910.0
4018,1658.7409959174693,1658.7524400092661,0.556,21984.0
4019,1654.918669257313,1654.93011334911,0.503,23988.0
4020,1654.106138739735,1654.1175828315318,0.721,24414.0
4021,1653.2478318549693,1653.2592759467661,0.543,24864.0
4022,1648.0293259955943,1648.0407700873911,0.655,27600.0
4023,1647.8462205268443,1647.8576646186411,0.654,27696.0
4024,1647.2625718452036,1647.2740159370005,0.513,28002.0
4025,1646.69036725536,1646.7018113471568,0.635,28302.0
4026,1645.04241803661,1645.0538621284068,0.55,29166.0
4027,1698.7552628852427,1698.7667069770396,0.511,1002.0
4028,1697.725294623524,1697.7367387153208,0.612,1542.0
4029,1694.0288529731333,1694.0402970649302,0.516,3480.0
4030,1691.1106095649302,1691.122053656727,0.695,5010.0
4031,1683.5002885200083,1683.5117326118052,0.504,9000.0
4032,1683.4774003364146,1683.4888444282115,0.585,9012.0
4033,1681.428907904774,1681.4403519965708,0.924,10086.0
4034,1672.9259476996958,1672.9373917914927,0.651,14544.0
4035,1672.8458390571177,1672.8572831489146,0.563,14586.0
4036,1669.2180619575083,1669.2295060493052,0.511,16488.0
4037,1666.5630326606333,1666.5744767524302,0.64,17880.0
4038,1661.1270890571177,1661.1385331489146,0.6,20730.0
4039,1659.353254828602,1659.364698920399,0.681,21660.0
4040,1658.723829779774,1658.7352738715708,0.652,21990.0
4041,1653.2535539008677,1653.2649979926646,0.679,24858.0
4042,1648.9734635688365,1648.9849076606333,0.534,27102.0
4043,1648.2067094184458,1648.2181535102427,0.519,27504.0
4044,1648.0236039496958,1648.0350480414927,0.505,27600.0
4045,1647.8633866645396,1647.8748307563365,0.698,27684.0
4046,1647.8404984809458,1647.8519425727427,0.782,27696.0
4047,1646.730421576649,1646.7418656684458,0.618,28278.0
4048,1645.8377824164927,1645.8492265082896,0.667,28746.0
4049,1645.0366959907115,1645.0481400825083,0.506,29166.0
4050,1645.0023637153208,1645.0138078071177,0.891,29184.0
4051,1752.8343186713755,1752.8457627631724,0.502,2220.0
4052,1746.0594163276255,1746.0708604194224,0.519,5772.0
4053,1740.8294663764536,1740.8409104682505,0.501,8514.0
4054,1734.7755418159068,1734.7869859077036,0.526,11688.0
4055,1726.8218980170786,1726.8333421088755,0.513,15858.0
4056,1725.7461533881724,1725.7575974799693,0.501,16422.0
4057,1725.4943833686411,1725.505827460438,0.535,16554.0
4058,1722.1641526557505,1722.1755967475474,0.602,18300.0
4059,1714.9429307319224,1714.9543748237193,0.537,22086.0
4060,1708.4312424995005,1708.4426865912974,0.609,25500.0
4061,1757.0171342231333,1757.0285783149302,0.621,24.0
4062,1756.9255814887583,1756.9370255805552,0.501,72.0
4063,1751.9474015571177,1751.9588456489146,0.569,2682.0
4064,1746.7403397895396,1746.7517838813365,0.688,5412.0
4065,1746.5457902289927,1746.5572343207896,0.537,5514.0
4066,1746.053694281727,1746.065138373524,0.527,5772.0
4067,1740.2286515571177,1740.2400956489146,0.603,8826.0
4068,1735.2390275336802,1735.250471625477,0.653,11442.0
4069,1729.3796525336802,1729.391096625477,0.654,14514.0
4070,1727.5371537543833,1727.5485978461802,0.696,15480.0
4071,1726.8161759711802,1726.827620062977,0.522,15858.0
4072,1725.9578690864146,1725.9693131782115,0.658,16308.0
4073,1725.5001054145396,1725.5115495063365,0.672,16548.0
4074,1723.360060248524,1723.3715043403208,0.506,17670.0
4075,1703.3328996039927,1703.3443436957896,0.532,28170.0
4076,1702.6004777289927,1702.6119218207896,0.546,28554.0
4077,1811.565397772938,1811.576841864735,0.56,996.0
4078,1809.3223557807505,1809.3337998725474,0.585,2172.0
4079,1805.5801377631724,1805.5915818549693,0.502,4134.0
4080,1798.6907945014536,1798.7022385932505,0.528,7746.0
4081,1796.9856248237193,1796.9970689155161,0.638,8640.0
4082,1795.1545701362193,1795.1660142280161,0.503,9600.0
4083,1794.9485764838755,1794.9600205756724,0.703,9708.0
4084,1794.8913560248911,1794.902800116688,0.663,9738.0
4085,1793.3807359077036,1793.3921799995005,0.514,10530.0
4086,1793.35784772411,1793.3692918159068,0.774,10542.0
4087,1792.6826463080943,1792.6940903998911,0.574,10896.0
4088,1791.5725694037974,1791.5840134955943,0.51,11478.0
4089,1790.4510484077036,1790.4624924995005,0.799,12066.0
4090,1780.5519090034068,1780.5633530952036,0.523,17256.0
4091,1776.237486395985,1776.2489304877818,0.681,19518.0
4092,1772.2778306342661,1772.289274726063,0.537,21594.0
4093,1767.2080979682505,1767.2195420600474,0.542,24252.0
4094,1763.3399949409068,1763.3514390327036,0.509,26280.0
4095,1762.0925889350474,1762.1040330268443,0.63,26934.0
4096,1811.067579779774,1811.0790238715708,0.515,1254.0
4097,1809.316633734852,1809.328077826649,0.55,2172.0
4098,1802.827833686024,1802.8392777778208,0.517,5574.0
4099,1794.1417680121958,1794.1532121039927,0.582,10128.0
4100,1792.8600297309458,1792.8714738227427,0.715,10800.0
4101,1792.665480170399,1792.6769242621958,0.548,10902.0
4102,1792.470930609852,1792.482374701649,0.505,11004.0
4103,1791.8186173774302,1791.830061469227,0.607,11346.0
4104,1791.5782914496958,1791.5897355414927,0.764,11472.0
4105,1786.3254533149302,1786.336897406727,0.592,14226.0
4106,1784.8148331977427,1784.8262772895396,0.569,15018.0
4107,1784.6660600043833,1784.6775040961802,0.637,15096.0
4108,1784.1739640571177,1784.1854081489146,0.648,15354.0
4109,1776.2317643500865,1776.2432084418833,0.538,19518.0
4110,1760.7364640571177,1760.7479081489146,0.775,27642.0
4111,1869.6327195502818,1869.6441636420786,0.575,120.0
4112,1866.0850510932505,1866.0964951850474,0.529,1980.0
4113,1864.4256577827036,1864.4371018745005,0.506,2850.0
4114,1864.116667304188,1864.128111395985,0.537,3012.0
4115,1860.2485642768443,1860.2600083686411,0.591,5040.0
4116,1857.9254136420786,1857.9368577338755,0.547,6258.0
4117,1852.5581345893443,1852.5695786811411,0.612,9072.0
4118,1851.95159772411,1851.9630418159068,0.589,9390.0
4119,1845.2110276557505,1845.2224717475474,0.567,12924.0
4120,1843.2083115912974,1843.2197556830943,0.611,13974.0
4121,1841.1025987006724,1841.1140427924693,0.514,15078.0
4122,1840.7249436713755,1840.7363877631724,0.583,15276.0
4123,1840.4273972846568,1840.4388413764536,0.511,15432.0
4124,1840.1641831733286,1840.1756272651255,0.679,15570.0
4125,1838.4590134955943,1838.4704575873911,0.521,16464.0
4126,1834.9800095893443,1834.9914536811411,0.52,18288.0
4127,1834.6939072944224,1834.7053513862193,0.52,18438.0
4128,1833.4350571967661,1833.446501288563,0.507,19098.0
4129,1828.5827622748911,1828.594206366688,0.864,21642.0
4130,1828.5598740912974,1828.5713181830943,0.584,21654.0
4131,1828.5255418159068,1828.5369859077036,0.539,21672.0
4132,1827.96478131786,1827.9762254096568,0.746,21966.0
4133,1827.9418931342661,1827.953337226063,0.712,21978.0
4134,1827.9075608588755,1827.9190049506724,0.691,21996.0
4135,1827.8846726752818,1827.8961167670786,0.718,22008.0
4136,1827.2094712592661,1827.220915351063,0.709,22362.0
4137,1827.1179185248911,1827.129362616688,0.516,22410.0
4138,1827.1064744330943,1827.1179185248911,0.715,22416.0
4139,1826.6029343940318,1826.6143784858286,0.624,22680.0
4140,1826.3511643745005,1826.3626084662974,0.55,22812.0
4141,1826.3282761909068,1826.3397202827036,0.544,22824.0
4142,1826.0536179877818,1826.0650620795786,0.508,22968.0
4143,1825.2754197455943,1825.2868638373911,0.61,23376.0
4144,1825.126646552235,1825.1380906440318,0.672,23454.0
4145,1824.657438788563,1824.66888288036,0.575,23700.0
4146,1824.211119208485,1824.2225633002818,0.613,23934.0
4147,1814.7010789252818,1814.7125230170786,0.754,28920.0
4148,1869.4438920356333,1869.4553361274302,0.675,216.0
4149,1866.2052140571177,1866.2166581489146,0.604,1914.0
4150,1857.931135687977,1857.942579779774,0.634,6252.0
4151,1851.9573197700083,1851.9687638618052,0.541,9384.0
4152,1849.9088273383677,1849.9202714301646,0.634,10458.0
4153,1848.6270890571177,1848.6385331489146,0.755,11130.0
4154,1843.2140336371958,1843.2254777289927,0.749,13968.0
4155,1840.2843461371958,1840.2957902289927,0.655,15504.0
4156,1840.1584611274302,1840.169905219227,0.586,15570.0
4157,1839.8380265571177,1839.8494706489146,0.665,15738.0
4158,1837.5835404731333,1837.5949845649302,0.61,16920.0
4159,1834.6996293403208,1834.7110734321177,0.688,18432.0
4160,1832.0903764106333,1832.1018205024302,0.529,19800.0
4161,1830.0647721625865,1830.0762162543833,0.508,20862.0
4162,1829.7786698676646,1829.7901139594615,0.528,21012.0
4163,1828.645704779774,1828.6571488715708,0.621,21606.0
4164,1828.554152045399,1828.5655961371958,0.595,21654.0
4165,1828.5312638618052,1828.542707953602,0.783,21666.0
4166,1827.9361710883677,1827.9476151801646,0.691,21978.0
4167,1827.913282904774,1827.9247269965708,0.546,21990.0
4168,1827.5814042426646,1827.5928483344615,0.662,22164.0
4169,1826.5972123481333,1826.6086564399302,0.52,22680.0
4170,1826.3797746039927,1826.3912186957896,0.624,22794.0
4171,1826.356886420399,1826.3683305121958,0.533,22806.0
4172,1826.3225541450083,1826.3339982368052,0.513,22824.0
4173,1826.2996659614146,1826.3111100532115,0.58,22836.0
4174,1826.2081132270396,1826.2195573188365,0.557,22884.0
4175,1826.0593400336802,1826.070784125477,0.606,22962.0
4176,1824.6517167426646,1824.6631608344615,0.522,23700.0
4177,1824.6288285590708,1824.6402726508677,0.633,23712.0
4178,1824.056623969227,1824.068068061024,0.525,24012.0
4179,1925.834654364735,1925.8460984565318,0.659,222.0
4180,1925.6172166205943,1925.6286607123911,0.624,336.0
4181,1924.358366522938,1924.369810614735,0.578,996.0
4182,1923.9349351264536,1923.9463792182505,0.721,1218.0
4183,1923.7632737495005,1923.7747178412974,0.523,1308.0
4184,1920.158384833485,1920.1698289252818,0.6,3198.0
4185,1920.055388007313,1920.06683209911,0.645,3252.0
4186,1920.0439439155161,1920.055388007313,0.719,3258.0
4187,1919.8265061713755,1919.8379502631724,0.698,3372.0
4188,1919.597624335438,1919.609068427235,0.58,3492.0
4189,1919.4488511420786,1919.4602952338755,0.714,3570.0
4190,1919.2657456733286,1919.2771897651255,0.578,3666.0
4191,1919.242857489735,1919.2543015815318,0.524,3678.0
4192,1919.139860663563,1919.15130475536,0.637,3732.0
4193,1919.0940842963755,1919.1055283881724,0.772,3756.0
4194,1918.9910874702036,1919.0025315620005,0.564,3810.0
4195,1918.8537583686411,1918.865202460438,0.633,3882.0
4196,1918.7622056342661,1918.773649726063,0.593,3930.0
4197,1918.7278733588755,1918.7393174506724,0.706,3948.0
4198,1918.5791001655161,1918.590544257313,0.694,4026.0
4199,1918.327330145985,1918.3387742377818,0.696,4158.0
4200,1918.2014451362193,1918.2128892280161,0.805,4224.0
4201,1918.1785569526255,1918.1900010444224,0.558,4236.0
4202,1918.1098924018443,1918.1213364936411,0.697,4272.0
4203,1917.8924546577036,1917.9038987495005,0.589,4386.0
4204,1917.8352341987193,1917.8466782905161,0.643,4416.0
4205,1917.6063523627818,1917.6177964545786,0.507,4536.0
4206,1916.8167100287974,1916.8281541205943,0.591,4950.0
4207,1908.6341843940318,1908.6456284858286,0.587,9240.0
4208,1908.5884080268443,1908.5998521186411,0.576,9264.0
4209,1908.4625230170786,1908.4739671088755,0.544,9330.0
4210,1908.4510789252818,1908.4625230170786,0.574,9336.0
4211,1907.787321601063,1907.79876569286,0.843,9684.0
4212,1907.3982224799693,1907.4096665717661,0.517,9888.0
4213,1907.3638902045786,1907.3753342963755,0.727,9906.0
4214,1906.2652573920786,1906.2767014838755,0.569,10482.0
4215,1905.8418259955943,1905.8532700873911,0.526,10704.0
4216,1905.8189378120005,1905.8303819037974,0.715,10716.0
4217,1905.7960496284068,1905.8074937202036,0.768,10728.0
4218,1904.3312058784068,1904.3426499702036,0.507,11496.0
4219,1903.77044538036,1903.7818894721568,0.622,11790.0
4220,1903.6445603705943,1903.6560044623911,0.7,11856.0
4221,1903.1410203315318,1903.1524644233286,0.809,12120.0
4222,1903.026579413563,1903.03802350536,0.597,12180.0
4223,1901.6990647651255,1901.7105088569224,0.532,12876.0
4224,1899.0440354682505,1899.0554795600474,0.717,14268.0
4225,1898.8838181830943,1898.8952622748911,0.676,14352.0
4226,1898.3917222358286,1898.4031663276255,0.806,14610.0
4227,1898.3459458686411,1898.357389960438,0.682,14634.0
4228,1898.2315049506724,1898.2429490424693,0.636,14694.0
4229,1898.082731757313,1898.09417584911,0.708,14772.0
4230,1897.7966294623911,1897.808073554188,0.53,14922.0
4231,1897.4876389838755,1897.4990830756724,0.535,15084.0
4232,1892.131804022938,1892.143248114735,0.63,17892.0
4233,1892.0631394721568,1892.0745835639536,0.67,17928.0
4234,1889.5912156440318,1889.6026597358286,0.634,19224.0
4235,1882.53021100536,1882.5416550971568,0.581,22926.0
4236,1880.7220445014536,1880.7334885932505,0.654,23874.0
4237,1878.1700120307505,1878.1814561225474,0.564,25212.0
4238,1872.6997361518443,1872.7111802436411,0.501,28080.0
4239,1870.067595038563,1870.07903913036,0.658,29460.0
4240,1925.9319291450083,1925.9433732368052,0.658,168.0
4241,1925.3940568305552,1925.405500922352,0.62,450.0
4242,1924.764631781727,1924.776075873524,0.608,780.0
4243,1924.0894303657115,1924.1008744575083,0.518,1134.0
4244,1924.0207658149302,1924.032209906727,0.599,1170.0
4245,1923.849104437977,1923.860548529774,0.619,1260.0
4246,1923.8376603461802,1923.849104437977,0.823,1266.0
4247,1923.5057816840708,1923.5172257758677,0.583,1440.0
4248,1920.3243241645396,1920.3357682563365,0.569,3108.0
4249,1920.095442328602,1920.106886420399,0.558,3228.0
4250,1919.9581132270396,1919.9695573188365,0.514,3300.0
4251,1919.820784125477,1919.832228217274,0.76,3372.0
4252,1919.7978959418833,1919.8093400336802,0.657,3384.0
4253,1919.6948991157115,1919.7063432075083,0.623,3438.0
4254,1919.5690141059458,1919.5804581977427,0.542,3504.0
4255,1919.5346818305552,1919.546125922352,0.637,3522.0
4256,1919.5117936469615,1919.5232377387583,0.557,3534.0
4257,1919.4431290961802,1919.454573187977,0.581,3570.0
4258,1919.374464545399,1919.3859086371958,0.711,3606.0
4259,1919.1684708930552,1919.179914984852,0.654,3714.0
4260,1918.9853654243052,1918.996809516102,0.538,3810.0
4261,1918.5733781196177,1918.5848222114146,0.712,4026.0
4262,1918.539045844227,1918.550489936024,0.587,4044.0
4263,1918.4703812934458,1918.4818253852427,0.591,4080.0
4264,1918.4131608344615,1918.4246049262583,0.78,4110.0
4265,1918.3902726508677,1918.4017167426646,0.603,4122.0
4266,1918.3330521918833,1918.3444962836802,0.573,4152.0
4267,1918.264387641102,1918.275831732899,0.717,4188.0
4268,1918.2529435493052,1918.264387641102,0.73,4194.0
4269,1918.2300553657115,1918.2414994575083,0.725,4206.0
4270,1918.001173529774,1918.0126176215708,0.677,4326.0
4271,1917.9668412543833,1917.9782853461802,0.503,4344.0
4272,1917.9439530707896,1917.9553971625865,0.572,4356.0
4273,1917.898176703602,1917.909620795399,0.547,4380.0
4274,1917.806623969227,1917.818068061024,0.536,4428.0
4275,1916.627882514149,1916.6393266059458,0.506,5046.0
4276,1914.1902909614146,1914.2017350532115,0.537,6324.0
4277,1913.0802140571177,1913.0916581489146,0.783,6906.0
4278,1911.8099198676646,1911.8213639594615,0.662,7572.0
4279,1910.0017533637583,1910.0131974555552,0.687,8520.0
4280,1908.6055741645396,1908.6170182563365,0.564,9252.0
4281,1908.5941300727427,1908.6055741645396,0.82,9258.0
4282,1908.5826859809458,1908.5941300727427,0.686,9264.0
4283,1908.559797797352,1908.571241889149,0.591,9276.0
4284,1908.285139594227,1908.296583686024,0.875,9420.0
4285,1907.369612250477,1907.381056342274,0.757,9900.0
4286,1906.831739936024,1906.8431840278208,0.782,10182.0
4287,1906.8088517524302,1906.820295844227,0.813,10194.0
4288,1906.6829667426646,1906.6944108344615,0.697,10260.0
4289,1906.5341935493052,1906.545637641102,0.802,10338.0
4290,1906.465528998524,1906.4769730903208,0.564,10374.0
4291,1906.362532172352,1906.373976264149,0.561,10428.0
4292,1906.1450944282115,1906.1565385200083,0.637,10542.0
4293,1906.087873969227,1906.099318061024,0.65,10572.0
4294,1905.7559953071177,1905.7674393989146,0.525,10746.0
4295,1905.447004828602,1905.458448920399,0.616,10908.0
4296,1904.2911515571177,1904.3025956489146,0.634,11514.0
4297,1903.6388383246958,1903.6502824164927,0.516,11856.0
4298,1902.4715409614146,1902.4829850532115,0.503,12468.0
4299,1901.693342719227,1901.704786811024,0.652,12876.0
4300,1899.1756425239146,1899.1870866157115,0.795,14196.0
4301,1899.0039811469615,1899.0154252387583,0.751,14286.0
4302,1898.0541215278208,1898.0655656196177,0.732,14784.0
4303,1897.8824601508677,1897.8939042426646,0.603,14874.0
4304,1897.4246964789927,1897.4361405707896,0.536,15114.0
4305,1894.4034562446177,1894.4149003364146,0.6,16698.0
4306,1889.2307267524302,1889.242170844227,0.517,19410.0
4307,1886.3697038032115,1886.3811478950083,0.508,20910.0
4308,1885.9004960395396,1885.9119401313365,0.504,21156.0
4309,1884.1381059028208,1884.1495499946177,0.647,22080.0
4310,1882.5244889594615,1882.5359330512583,0.593,22926.0
4311,1882.5130448676646,1882.5244889594615,0.509,22932.0
4312,1881.9866166450083,1881.9980607368052,0.583,23208.0
4313,1877.5463090278208,1877.5577531196177,0.526,25536.0
4314,1876.4476762153208,1876.4591203071177,0.605,26112.0
